
yolo5n6	[640, 640]	0.5	0.15	0.5	340	375	0.9066666666666666	4_375	0.3	5.1	0.7	26.6
6yolov5s,640,0.5,0.45,0.5,397,303,0.763,6_303,0.3,3.9,0.7,18.7
6yolov5m,640,0.6,0.3,0.5,498,375,0.753,4_375,0.3,14.0,0.7,27.5
yolov5m	[640, 640]	0.5	0.45	0.5	438	347	0.7922374429223744	3_347	0.3	13.7	0.6	20.4
6yolov5s,640,0.6,0.3,0.5,341,303,0.889,6_303,0.3,3.8,0.7,18.2
6yolov5s,640,0.5,0.3,0.5,504,375,0.744,4_375,0.3,3.9,0.7,28.5
yolo5s6	[640, 640]	0.4	0.3	0.5	376	347	0.9228723404255319	3_347	0.3	7.5	0.7	20.8
6yolov5m,640,0.6,0.45,0.5,359,303,0.844,6_303,0.3,13.1,0.7,17.9
6yolov5m,640,0.5,0.45,0.5,532,375,0.705,4_375,0.3,14.1,0.7,28.2
6yolov5m,640,0.6,0.3,0.5,331,303,0.915,6_303,0.3,13.1,0.7,18.1
yolov5s	[640, 640]	0.5	0.15	0.5	304	347	0.8760806916426513	3_347	0.3	3.8	0.6	20.0
yolov5m	[640, 640]	0.4	0.15	0.5	333	347	0.9596541786743515	3_347	0.3	13.8	0.6	21.2
6yolov5m,640,0.5,0.3,0.5,501,375,0.749,4_375,0.3,14.0,0.7,28.1
yolov5m	[640, 640]	0.4	0.45	0.5	436	347	0.7958715596330275	3_347	0.3	14.1	0.6	21.3
7yolo5s6,640,0.5,0.15,0.5,562,625,0.899,5_625,0.3,7.8,0.7,21.1
6yolo5n6,640,0.4,0.3,0.5,311,303,0.974,6_303,0.3,5.0,0.7,17.8
6yolov5m,640,0.6,0.15,0.5,415,375,0.904,4_375,0.3,14.0,0.7,27.5
yolov5m	[640, 640]	0.6	0.3	0.5	399	347	0.8696741854636592	3_347	0.3	13.7	0.6	19.0
6yolov5n,640,0.4,0.3,0.5,347,303,0.873,6_303,0.3,3.9,0.7,19.2
yolov5s	[640, 640]	0.5	0.45	0.5	522	347	0.6647509578544061	3_347	0.3	3.9	0.6	20.8
yolov5n	[640, 640]	0.6	0.15	0.5	294	347	0.8472622478386167	3_347	0.3	3.9	0.6	19.2
6yolo5s6,640,0.5,0.15,0.5,388,375,0.966,4_375,0.3,7.7,0.7,27.1
yolo5s6	[640, 640]	0.6	0.15	0.5	281	347	0.8097982708933718	3_347	0.3	7.4	0.6	18.2
6yolov5m,640,0.6,0.45,0.5,368,303,0.823,6_303,0.3,13.0,0.7,18.1
6yolov5s,640,0.6,0.3,0.5,505,375,0.743,4_375,0.4,4.2,0.8,29.2
yolo5s6	[640, 640]	0.6	0.45	0.5	419	347	0.8281622911694511	3_347	0.3	7.3	0.6	18.7
yolov5n	[640, 640]	0.5	0.45	0.5	451	347	0.7694013303769401	3_347	0.3	4.0	0.6	20.6
yolov5n	[640, 640]	0.4	0.15	0.5	349	347	0.994269340974212	3_347	0.3	3.9	0.6	21.6
7yolov5m,640,0.5,0.15,0.5,286,303,0.944,6_303,0.3,13.0,0.6,18.3
yolo5n6	[640, 640]	0.4	0.15	0.5	289	347	0.8328530259365994	3_347	0.3	5.2	0.6	19.6
6yolov5m,640,0.5,0.3,0.5,702,625,0.89,5_625,0.3,13.0,0.7,21.6
6yolov5n,640,0.6,0.3,0.5,520,375,0.721,4_375,0.3,4.0,0.7,27.9
6yolov5n,640,0.5,0.15,0.5,438,375,0.856,4_375,0.3,3.9,0.7,28.8
yolov5m	[640, 640]	0.5	0.15	0.5	333	347	0.9596541786743515	3_347	0.3	13.7	0.6	20.0
yolo5n6	[640, 640]	0.6	0.3	0.5	330	347	0.9510086455331412	3_347	0.3	5.1	0.6	16.8
yolov5m	[640, 640]	0.4	0.3	0.5	408	347	0.8504901960784313	3_347	0.3	14.0	0.7	21.4
6yolo5n6,640,0.6,0.45,0.5,350,303,0.866,6_303,0.3,5.2,0.6,16.2
7yolo5n6,640,0.4,0.15,0.5,545,625,0.872,5_625,0.3,5.1,0.7,21.1
yolo5n6	[640, 640]	0.6	0.3	0.5	340	347	0.9798270893371758	3_347	0.3	5.1	0.6	17.1
6yolo5s6,640,0.4,0.45,0.5,323,303,0.938,6_303,0.3,7.6,0.7,18.1
6yolov5n,640,0.4,0.3,0.5,695,625,0.899,5_625,0.3,3.8,0.7,21.4
6yolov5n,640,0.5,0.3,0.5,696,625,0.898,5_625,0.3,3.9,0.7,21.5
6yolo5s6,640,0.4,0.15,0.5,409,375,0.917,4_375,0.3,7.7,0.8,28.5
6yolo5s6,640,0.6,0.3,0.5,491,375,0.764,4_375,0.3,7.7,0.8,26.7
6yolov5m,640,0.5,0.3,0.5,503,375,0.746,4_375,0.3,14.2,0.7,28.5
6yolo5n6,640,0.6,0.45,0.5,355,303,0.854,6_303,0.3,4.9,0.6,15.9
6yolo5s6,640,0.4,0.3,0.5,308,303,0.984,6_303,0.3,7.5,0.7,18.0
yolov5n	[640, 640]	0.5	0.15	0.5	324	347	0.9337175792507204	3_347	0.3	4.0	0.6	20.2
6yolov5m,640,0.4,0.3,0.5,688,625,0.908,5_625,0.3,13.0,0.7,21.4
yolo5s6	[640, 640]	0.4	0.3	0.5	364	347	0.9532967032967034	3_347	0.3	7.3	0.6	20.4
6yolov5m,640,0.5,0.15,0.5,436,375,0.86,4_375,0.3,14.0,0.7,28.1
yolo5n6	[640, 640]	0.5	0.45	0.5	416	347	0.8341346153846154	3_347	0.3	5.1	0.6	17.9
6yolo5n6,640,0.5,0.45,0.5,361,303,0.839,6_303,0.3,4.9,0.6,17.1
6yolov5m,640,0.4,0.3,0.5,522,375,0.718,4_375,0.3,14.1,0.7,28.8
6yolov5s,640,0.6,0.3,0.5,681,625,0.918,5_625,0.3,3.9,0.7,21.2
6yolo5s6,640,0.4,0.3,0.5,321,303,0.944,6_303,0.3,7.5,0.7,18.0
yolo5s6	[640, 640]	0.4	0.45	0.5	421	347	0.8242280285035629	3_347	0.3	7.4	0.6	20.6
7yolov5n,640,0.6,0.15,0.5,275,303,0.908,6_303,0.3,3.9,0.7,18.2
7yolov5m,640,0.4,0.15,0.5,298,303,0.983,6_303,0.3,13.0,0.7,19.0
6yolo5n6,640,0.6,0.3,0.5,304,303,0.997,6_303,0.3,5.0,0.6,15.9
yolo5n6	[640, 640]	0.6	0.45	0.5	526	375	0.7129277566539924	4_375	0.3	5.2	0.7	25.8
yolo5n6	[640, 640]	0.5	0.45	0.5	523	375	0.7170172084130019	4_375	0.3	4.9	0.7	25.9
6yolov5n,640,0.4,0.3,0.5,345,303,0.878,6_303,0.3,4.0,0.7,19.8
6yolov5s,640,0.4,0.15,0.5,426,375,0.88,4_375,0.3,3.9,0.7,29.4
6yolov5s,640,0.6,0.3,0.5,657,625,0.951,5_625,0.3,3.8,0.7,20.4
6yolov5s,640,0.5,0.3,0.5,680,625,0.919,5_625,0.3,3.9,0.7,21.3
yolov5m	[640, 640]	0.5	0.45	0.5	437	347	0.7940503432494279	3_347	0.3	13.7	0.6	20.1
yolo5n6	[640, 640]	0.6	0.15	0.5	327	375	0.872	4_375	0.3	5.2	0.7	25.4
yolov5n	[640, 640]	0.6	0.45	0.5	466	347	0.7446351931330472	3_347	0.3	3.8	0.6	19.0
6yolo5s6,640,0.5,0.3,0.5,654,625,0.956,5_625,0.3,7.8,0.7,20.6
6yolov5m,640,0.4,0.15,0.5,456,375,0.822,4_375,0.3,14.0,0.7,28.3
7yolov5n,640,0.4,0.15,0.5,597,625,0.955,5_625,0.3,3.9,0.7,21.8
yolo5n6	[640, 640]	0.5	0.15	0.5	343	375	0.9146666666666666	4_375	0.3	5.1	0.7	26.9
6yolov5n,640,0.4,0.45,0.5,746,625,0.838,5_625,0.3,3.8,0.7,21.6
6yolov5m,640,0.5,0.45,0.5,364,303,0.832,6_303,0.3,13.0,0.7,18.5
7yolov5m,640,0.6,0.15,0.5,575,625,0.92,5_625,0.3,13.0,0.7,21.1
6yolo5s6,640,0.4,0.45,0.5,527,375,0.712,4_375,0.3,7.9,0.8,28.9
6yolov5n,640,0.5,0.3,0.5,341,303,0.889,6_303,0.3,3.9,0.7,18.6
7yolov5n,640,0.6,0.15,0.5,278,303,0.917,6_303,0.3,3.8,0.7,17.8
7yolov5n,640,0.5,0.15,0.5,296,303,0.977,6_303,0.3,3.8,0.7,18.6
8yolo5n6,640,0.6,0.3,0.5,625,625,1,5_625,0.3,4.9,0.7,19.5
6yolov5s,640,0.5,0.3,0.5,340,303,0.891,6_303,0.3,3.8,0.6,18.5
6yolo5s6,[640, 640],0.6,0.15,0.5,385,375,0.974025974025974,4_375,0.3,7.7,0.7,26.8
6yolov5m,640,0.5,0.45,0.5,374,303,0.81,6_303,0.3,13.0,0.7,18.3
6yolov5m,640,0.4,0.3,0.5,715,625,0.874,5_625,0.3,13.0,0.7,21.9
yolo5n6	[640, 640]	0.4	0.3	0.5	474	375	0.7911392405063291	4_375	0.3	4.9	0.7	26.7
6yolo5s6,640,0.4,0.45,0.5,721,625,0.867,5_625,0.3,7.8,0.7,21.2
yolo5n6	[640, 640]	0.4	0.45	0.5	425	347	0.8164705882352942	3_347	0.3	5.1	0.6	19.2
yolov5s	[640, 640]	0.5	0.3	0.5	400	347	0.8675	3_347	0.3	3.8	0.6	20.5
6yolo5s6,640,0.6,0.45,0.5,343,303,0.883,6_303,0.3,7.5,0.7,17.1
6yolov5s,640,0.6,0.3,0.5,529,375,0.709,4_375,0.3,3.9,0.7,28.4
7yolo5n6,640,0.6,0.15,0.5,490,625,0.784,5_625,0.3,4.9,0.7,19.7
6yolo5n6,640,0.5,0.3,0.5,323,303,0.938,6_303,0.3,5.0,0.6,17.2
yolov5n	[640, 640]	0.5	0.15	0.5	328	347	0.9452449567723343	3_347	0.3	3.9	0.6	20.4
6yolo5s6,640,0.5,0.45,0.5,705,625,0.887,5_625,0.3,7.8,0.7,20.6
yolo5n6	[640, 640]	0.6	0.15	0.5	245	347	0.7060518731988472	3_347	0.3	5.2	0.6	17.0
yolov5n	[640, 640]	0.5	0.3	0.5	407	347	0.8525798525798526	3_347	0.3	3.9	0.6	20.6
6yolo5s6,640,0.6,0.3,0.5,323,303,0.938,6_303,0.3,7.5,0.7,17.2
6yolov5s,640,0.5,0.3,0.5,529,375,0.709,4_375,0.3,3.9,0.7,29.4
6yolo5s6,640,0.5,0.45,0.5,527,375,0.712,4_375,0.3,7.9,0.8,28.4
yolo5n6	[640, 640]	0.5	0.15	0.5	262	347	0.7550432276657061	3_347	0.3	5.2	0.6	18.2
6yolov5n,640,0.6,0.15,0.5,417,375,0.899,4_375,0.3,3.9,0.7,27.8
yolo5n6	[640, 640]	0.4	0.3	0.5	389	347	0.8920308483290489	3_347	0.3	5.2	0.6	19.4
yolo5n6	[640, 640]	0.5	0.45	0.5	422	347	0.8222748815165877	3_347	0.4	5.2	0.6	18.7
yolov5s	[640, 640]	0.4	0.3	0.5	376	347	0.9228723404255319	3_347	0.3	3.9	0.6	21.1
6yolov5m,640,0.6,0.45,0.5,721,625,0.867,5_625,0.3,13.0,0.7,21.2
6yolo5s6,640,0.4,0.3,0.5,490,375,0.765,4_375,0.3,7.8,0.8,28.6
yolo5n6	[640, 640]	0.4	0.3	0.5	389	347	0.8920308483290489	3_347	0.3	5.0	0.6	19.2
6yolo5s6,640,0.6,0.45,0.5,702,625,0.89,5_625,0.3,7.8,0.7,20.9
yolo5s6	[640, 640]	0.6	0.3	0.5	377	347	0.9204244031830239	3_347	0.3	7.3	0.6	18.9
7yolov5n,640,0.5,0.15,0.5,569,625,0.91,5_625,0.3,3.8,0.7,21.1
yolo5s6	[640, 640]	0.6	0.45	0.5	410	347	0.8463414634146341	3_347	0.3	7.4	0.6	18.4
yolo5s6	[640, 640]	0.6	0.15	0.5	280	347	0.8069164265129684	3_347	0.3	7.4	0.7	19.1
6yolov5n,640,0.4,0.3,0.5,708,625,0.883,5_625,0.3,3.9,0.7,21.9
6yolo5s6,640,0.6,0.45,0.5,698,625,0.895,5_625,0.3,7.7,0.7,20.1
7yolo5n6,640,0.4,0.15,0.5,265,303,0.875,6_303,0.3,5.0,0.7,17.8
6yolov5m,640,0.5,0.15,0.5,433,375,0.866,4_375,0.3,14.0,0.7,28.2
6yolo5n6,640,0.5,0.45,0.5,684,625,0.914,5_625,0.3,5.0,0.7,20.3
6yolo5n6,640,0.4,0.45,0.5,689,625,0.907,5_625,0.3,5.0,0.7,20.8
6yolov5s,640,0.5,0.45,0.5,636,375,0.59,4_375,0.3,3.8,0.7,29.1
6yolo5n6,640,0.4,0.45,0.5,356,303,0.851,6_303,0.3,5.0,0.6,17.7
6yolo5s6,640,0.6,0.45,0.5,538,375,0.697,4_375,0.3,7.8,0.8,26.9
yolov5m	[640, 640]	0.4	0.3	0.5	384	347	0.9036458333333334	3_347	0.3	13.8	0.7	21.0
6yolov5n,640,0.5,0.3,0.5,558,375,0.672,4_375,0.3,3.9,0.7,28.8
6yolo5n6,640,0.6,0.3,0.5,313,303,0.968,6_303,0.3,5.0,0.6,16.3
6yolov5s,640,0.4,0.3,0.5,675,625,0.926,5_625,0.3,3.9,0.7,21.5
6yolov5n,640,0.5,0.45,0.5,611,375,0.614,4_375,0.3,3.9,0.7,28.9
6yolov5n,640,0.6,0.3,0.5,676,625,0.925,5_625,0.3,3.8,0.7,20.8
7yolov5s,640,0.4,0.15,0.5,577,625,0.923,5_625,0.3,3.9,0.7,22.3
6yolo5s6,640,0.5,0.45,0.5,334,303,0.907,6_303,0.3,7.5,0.7,17.4
6yolov5n,640,0.5,0.45,0.5,395,303,0.767,6_303,0.3,3.9,0.7,18.8
yolov5s	[640, 640]	0.6	0.15	0.5	298	347	0.8587896253602305	3_347	0.3	3.9	0.6	19.5
7yolo5s6,640,0.5,0.15,0.5,549,625,0.878,5_625,0.3,7.8,0.7,20.8
6yolo5s6,640,0.4,0.45,0.5,529,375,0.709,4_375,0.3,7.7,0.8,27.8
7yolo5s6,640,0.5,0.15,0.5,265,303,0.875,6_303,0.3,7.5,0.7,17.6
6yolo5n6,640,0.4,0.45,0.5,700,625,0.893,5_625,0.3,5.0,0.7,20.9
7yolo5n6,640,0.5,0.15,0.5,521,625,0.834,5_625,0.3,5.0,0.7,20.4
6yolov5m,640,0.6,0.45,0.5,538,375,0.697,4_375,0.3,14.0,0.7,27.7
yolov5s	[640, 640]	0.6	0.3	0.5	394	347	0.8807106598984772	3_347	0.3	4.0	0.6	19.7
6yolov5m,640,0.4,0.3,0.5,344,303,0.881,6_303,0.3,13.0,0.7,19.0
6yolov5m,640,0.6,0.3,0.5,504,375,0.744,4_375,0.3,14.0,0.7,27.6
7yolo5n6,640,0.5,0.15,0.5,515,625,0.824,5_625,0.3,4.9,0.7,20.2
6yolov5n,640,0.5,0.45,0.5,728,625,0.859,5_625,0.3,3.8,0.7,21.0
yolo5n6	[640, 640]	0.5	0.3	0.5	455	375	0.8241758241758241	4_375	0.3	5.1	0.7	26.6
7yolov5m,640,0.5,0.15,0.5,590,625,0.944,5_625,0.3,13.0,0.7,21.1
6yolo5s6,640,0.6,0.45,0.5,346,303,0.876,6_303,0.3,7.5,0.7,16.9
yolo5n6	[640, 640]	0.5	0.15	0.5	265	347	0.7636887608069164	3_347	0.3	5.0	0.6	18.2
yolo5n6	[640, 640]	0.5	0.3	0.5	463	375	0.8099352051835853	4_375	0.3	5.0	0.7	26.1
6yolov5n,640,0.5,0.45,0.5,375,303,0.808,6_303,0.3,3.9,0.7,18.6
yolo5n6	[640, 640]	0.4	0.15	0.5	371	375	0.9893333333333333	4_375	0.3	5.1	0.7	26.9
6yolov5s,640,0.4,0.45,0.5,587,375,0.639,4_375,0.3,3.8,0.7,29.1
6yolo5n6,640,0.5,0.3,0.5,314,303,0.965,6_303,0.3,5.0,0.6,17.2
6yolov5n,640,0.5,0.3,0.5,531,375,0.706,4_375,0.3,3.8,0.7,28.6
7yolo5s6,640,0.6,0.15,0.5,541,625,0.866,5_625,0.3,7.8,0.7,20.8
7yolov5s,640,0.6,0.15,0.5,517,625,0.827,5_625,0.3,3.8,0.7,20.3
6yolov5m,640,0.6,0.15,0.5,420,375,0.893,4_375,0.3,14.1,0.7,27.6
6yolov5s,640,0.5,0.45,0.5,386,303,0.785,6_303,0.3,3.9,0.7,18.6
yolov5s	[640, 640]	0.5	0.3	0.5	386	347	0.8989637305699482	3_347	0.3	3.9	0.6	20.0
yolo5n6	[640, 640]	0.4	0.45	0.5	517	375	0.7253384912959381	4_375	0.3	4.9	0.7	26.9
7yolov5n,640,0.6,0.15,0.5,540,625,0.864,5_625,0.3,3.9,0.7,20.8
6yolo5s6,640,0.6,0.3,0.5,318,303,0.953,6_303,0.3,7.5,0.7,17.4
yolo5s6	[640, 640]	0.4	0.45	0.5	413	347	0.8401937046004843	3_347	0.3	7.5	0.7	20.2
yolov5s	[640, 640]	0.5	0.15	0.5	312	347	0.899135446685879	3_347	0.3	3.8	0.6	20.7
yolo5s6	[640, 640]	0.6	0.3	0.5	370	347	0.9378378378378378	3_347	0.3	7.3	0.6	18.3
7yolov5n,640,0.4,0.15,0.5,593,625,0.949,5_625,0.3,3.9,0.7,21.6
7yolov5s,640,0.4,0.15,0.5,295,303,0.974,6_303,0.3,3.9,0.7,19.7
6yolo5s6,[640, 640],0.6,0.3,0.5,487,375,0.7700205338809035,4_375,0.3,7.7,0.7,27.0
7yolov5s,640,0.6,0.15,0.5,548,625,0.877,5_625,0.3,3.9,0.7,21.0
6yolov5m,640,0.5,0.45,0.5,718,625,0.87,5_625,0.3,13.0,0.7,21.1
6yolov5s,640,0.5,0.3,0.5,688,625,0.908,5_625,0.3,3.9,0.7,21.7
6yolov5m,640,0.6,0.45,0.5,535,375,0.701,4_375,0.3,14.0,0.7,27.5
yolo5s6	[640, 640]	0.5	0.15	0.5	289	347	0.8328530259365994	3_347	0.3	7.5	0.7	20.4
7yolov5s,640,0.4,0.15,0.5,572,625,0.915,5_625,0.3,3.8,0.7,21.5
yolov5m	[640, 640]	0.6	0.15	0.5	311	347	0.8962536023054755	3_347	0.3	13.7	0.6	19.3
6yolov5m,640,0.4,0.3,0.5,363,303,0.835,6_303,0.3,13.0,0.7,19.1
6yolov5n,640,0.6,0.3,0.5,665,625,0.94,5_625,0.3,3.9,0.7,20.9
6yolov5n,640,0.6,0.15,0.5,400,375,0.938,4_375,0.3,3.8,0.7,27.7
yolo5n6	[640, 640]	0.4	0.15	0.5	280	347	0.8069164265129684	3_347	0.4	5.2	0.6	19.8
6yolov5m,640,0.4,0.45,0.5,555,375,0.676,4_375,0.3,14.2,0.7,28.9
yolov5n	[640, 640]	0.6	0.15	0.5	307	347	0.8847262247838616	3_347	0.3	3.9	0.6	19.5
6yolov5n,640,0.4,0.45,0.5,637,375,0.589,4_375,0.3,3.9,0.7,29.6
yolov5n	[640, 640]	0.4	0.3	0.5	414	347	0.8381642512077294	3_347	0.3	3.9	0.6	21.5
6yolov5m,640,0.5,0.3,0.5,336,303,0.902,6_303,0.3,13.0,0.7,18.5
6yolov5s,640,0.6,0.15,0.5,384,375,0.977,4_375,0.3,3.9,0.7,27.7
yolo5n6	[640, 640]	0.4	0.45	0.5	435	347	0.7977011494252874	3_347	0.3	5.0	0.6	19.1
7yolov5m,640,0.6,0.15,0.5,277,303,0.914,6_303,0.3,12.9,0.7,17.8
6yolov5n,640,0.6,0.45,0.5,374,303,0.81,6_303,0.3,3.8,0.6,17.7
6yolov5s,640,0.4,0.45,0.5,375,303,0.808,6_303,0.3,3.9,0.7,19.1
7yolov5n,640,0.4,0.15,0.5,293,303,0.967,6_303,0.3,3.8,0.7,19.4
6yolov5m,640,0.5,0.3,0.5,339,303,0.894,6_303,0.3,13.0,0.7,18.2
6yolov5n,640,0.5,0.45,0.5,752,625,0.831,5_625,0.3,3.8,0.7,21.2
7yolov5n,640,0.5,0.15,0.5,289,303,0.954,6_303,0.3,3.9,0.7,18.6
yolov5s	[640, 640]	0.6	0.15	0.5	271	347	0.7809798270893372	3_347	0.3	3.9	0.6	18.9
yolo5n6	[640, 640]	0.6	0.15	0.5	254	347	0.7319884726224783	3_347	0.3	5.1	0.6	17.1
7yolo5s6,640,0.4,0.15,0.5,265,303,0.875,6_303,0.3,7.5,0.7,17.9
6yolov5n,640,0.4,0.45,0.5,738,625,0.847,5_625,0.3,3.8,0.7,21.5
yolov5m	[640, 640]	0.4	0.45	0.5	418	347	0.8301435406698564	3_347	0.3	13.8	0.7	21.0
6yolov5n,640,0.6,0.45,0.5,728,625,0.859,5_625,0.3,3.9,0.7,21.0
6yolo5s6,640,0.5,0.3,0.5,318,303,0.953,6_303,0.3,7.5,0.7,17.4
6yolov5n,640,0.6,0.45,0.5,384,303,0.789,6_303,0.3,3.9,0.7,18.2
6yolo5s6,640,0.4,0.3,0.5,676,625,0.925,5_625,0.3,7.8,0.7,21.3
6yolo5n6,640,0.4,0.3,0.5,650,625,0.962,5_625,0.3,5.0,0.7,21.0
yolov5s	[640, 640]	0.4	0.3	0.5	394	347	0.8807106598984772	3_347	0.3	3.9	0.6	21.7
7yolov5m,640,0.6,0.15,0.5,279,303,0.921,6_303,0.3,13.0,0.7,18.1
7yolo5s6,640,0.5,0.15,0.5,268,303,0.884,6_303,0.3,7.5,0.7,18.0
yolov5n	[640, 640]	0.4	0.15	0.5	328	347	0.9452449567723343	3_347	0.3	3.9	0.6	21.1
6yolov5n,640,0.4,0.15,0.5,473,375,0.793,4_375,0.3,4.0,0.7,30.1
yolo5s6	[640, 640]	0.4	0.15	0.5	293	347	0.8443804034582133	3_347	0.3	7.7	0.7	20.5
yolov5n	[640, 640]	0.4	0.3	0.5	396	347	0.8762626262626263	3_347	0.3	3.9	0.6	21.4
6yolov5s,640,0.4,0.45,0.5,393,303,0.771,6_303,0.3,3.8,0.7,19.2
6yolo5n6,640,0.5,0.45,0.5,356,303,0.851,6_303,0.3,4.9,0.6,17.1
6yolov5m,640,0.4,0.45,0.5,365,303,0.83,6_303,0.3,13.0,0.6,18.6
yolov5m	[640, 640]	0.5	0.3	0.5	398	347	0.871859296482412	3_347	0.3	13.7	0.6	20.1
yolov5s	[640, 640]	0.6	0.3	0.5	380	347	0.9131578947368421	3_347	0.3	3.9	0.6	18.9
6yolo5s6,640,0.4,0.3,0.5,493,375,0.761,4_375,0.4,8.0,0.8,28.8
6yolov5s,640,0.6,0.45,0.5,382,303,0.793,6_303,0.3,3.8,0.6,18.0
yolov5s	[640, 640]	0.4	0.15	0.5	315	347	0.9077809798270894	3_347	0.3	3.9	0.6	21.0
7yolo5n6,640,0.5,0.3,0.5,624,625,0.998,5_625,0.3,5.0,0.7,20.3
yolov5n	[640, 640]	0.5	0.45	0.5	454	347	0.76431718061674	3_347	0.3	3.9	0.6	20.5
6yolo5n6,640,0.4,0.3,0.5,639,625,0.978,5_625,0.3,4.9,0.7,20.8
yolo5n6	[640, 640]	0.4	0.45	0.5	519	375	0.7225433526011561	4_375	0.3	5.2	0.7	27.6
6yolov5n,640,0.4,0.3,0.5,574,375,0.653,4_375,0.3,3.8,0.7,29.4
7yolov5s,640,0.5,0.15,0.5,556,625,0.89,5_625,0.3,3.9,0.7,21.3
7yolo5n6,640,0.5,0.15,0.5,262,303,0.865,6_303,0.3,5.0,0.7,17.3
7yolo5s6,640,0.6,0.15,0.5,256,303,0.845,6_303,0.3,7.5,0.7,16.9
6yolo5n6,640,0.6,0.45,0.5,696,625,0.898,5_625,0.3,4.9,0.7,19.6
7yolov5s,640,0.5,0.15,0.5,568,625,0.909,5_625,0.3,3.8,0.7,21.5
7yolo5n6,640,0.4,0.15,0.5,545,625,0.872,5_625,0.3,5.1,0.7,21.1
6yolov5s,640,0.6,0.45,0.5,570,375,0.658,4_375,0.3,3.8,0.7,27.2
6yolov5s,640,0.4,0.45,0.5,676,375,0.555,4_375,0.3,3.9,0.7,30.3
yolo5n6	[640, 640]	0.4	0.15	0.5	379	375	0.9894459102902374	4_375	0.3	5.0	0.7	27.1
6yolo5s6,640,0.5,0.15,0.5,396,375,0.947,4_375,0.3,7.7,0.8,28.0
6yolov5s,640,0.4,0.45,0.5,762,625,0.82,5_625,0.3,3.8,0.7,21.5
yolov5s	[640, 640]	0.4	0.15	0.5	324	347	0.9337175792507204	3_347	0.3	4.0	0.6	21.8
6yolov5n,640,0.4,0.45,0.5,394,303,0.769,6_303,0.3,3.9,0.7,19.3
yolov5n	[640, 640]	0.4	0.45	0.5	469	347	0.7398720682302772	3_347	0.3	3.9	0.6	21.7
6yolov5n,640,0.5,0.45,0.5,583,375,0.643,4_375,0.3,4.0,0.7,29.3
yolov5s	[640, 640]	0.4	0.45	0.5	489	347	0.7096114519427403	3_347	0.3	4.0	0.6	21.3
yolo5n6	[640, 640]	0.6	0.45	0.5	513	375	0.7309941520467836	4_375	0.3	5.1	0.7	25.4
yolov5n	[640, 640]	0.6	0.45	0.5	465	347	0.7462365591397849	3_347	0.3	4.0	0.6	19.7
6yolo5s6,640,0.5,0.45,0.5,712,625,0.878,5_625,0.3,7.8,0.7,21.3
6yolov5s,640,0.6,0.45,0.5,391,303,0.775,6_303,0.3,3.9,0.6,17.7
yolo5n6	[640, 640]	0.6	0.3	0.5	453	375	0.8278145695364238	4_375	0.3	5.1	0.7	25.8
6yolo5s6,640,0.6,0.3,0.5,652,625,0.959,5_625,0.3,7.8,0.7,20.8
6yolov5s,640,0.5,0.3,0.5,352,303,0.861,6_303,0.3,3.9,0.7,19.0
6yolo5s6,640,0.5,0.45,0.5,338,303,0.896,6_303,0.3,7.5,0.7,17.9
7yolov5n,640,0.6,0.15,0.5,554,625,0.886,5_625,0.3,3.8,0.7,20.7
6yolo5n6,640,0.6,0.45,0.5,715,625,0.874,5_625,0.3,5.1,0.7,20.2
6yolo5s6,640,0.6,0.3,0.5,651,625,0.96,5_625,0.3,7.8,0.7,20.4
6yolov5s,640,0.6,0.45,0.5,710,625,0.88,5_625,0.3,3.9,0.7,20.6
6yolov5n,640,0.6,0.3,0.5,341,303,0.889,6_303,0.3,3.8,0.6,17.9
6yolo5s6,640,0.4,0.15,0.5,407,375,0.921,4_375,0.3,7.8,0.8,27.9
6yolo5s6,640,0.4,0.45,0.5,715,625,0.874,5_625,0.3,7.8,0.7,21.2
7yolov5n,640,0.4,0.15,0.5,292,303,0.964,6_303,0.3,3.9,0.7,19.4
7yolov5m,640,0.5,0.15,0.5,608,625,0.973,5_625,0.3,13.0,0.7,21.8
6yolov5n,640,0.6,0.45,0.5,733,625,0.853,5_625,0.3,3.8,0.7,20.8
6yolov5s,640,0.6,0.45,0.5,621,375,0.604,4_375,0.3,3.9,0.7,28.2
6yolov5s,640,0.5,0.45,0.5,797,625,0.784,5_625,0.3,3.8,0.7,21.4
yolo5s6	[640, 640]	0.5	0.45	0.5	413	347	0.8401937046004843	3_347	0.3	7.6	0.7	20.6
6yolov5n,640,0.5,0.3,0.5,685,625,0.912,5_625,0.3,3.8,0.7,21.0
yolo5n6	[640, 640]	0.5	0.3	0.5	374	347	0.9278074866310161	3_347	0.3	5.1	0.6	18.2
6yolov5s,640,0.5,0.45,0.5,567,375,0.661,4_375,0.3,3.8,0.7,28.3
7yolov5m,640,0.6,0.15,0.5,580,625,0.928,5_625,0.3,13.0,0.7,21.2
6yolov5m,640,0.5,0.3,0.5,671,625,0.931,5_625,0.3,13.0,0.7,21.0
yolov5s	[640, 640]	0.4	0.45	0.5	564	347	0.6152482269503546	3_347	0.3	3.9	0.6	21.7
6yolo5s6,640,0.4,0.45,0.5,339,303,0.894,6_303,0.3,7.5,0.7,18.2
6yolo5n6,640,0.6,0.3,0.5,647,625,0.966,5_625,0.3,4.9,0.7,19.8
6yolov5s,640,0.5,0.15,0.5,446,375,0.841,4_375,0.3,4.0,0.7,29.6
6yolov5n,640,0.6,0.45,0.5,599,375,0.626,4_375,0.3,4.0,0.7,28.0
7yolo5s6,640,0.4,0.15,0.5,271,303,0.894,6_303,0.3,7.5,0.7,18.1
yolo5n6	[640, 640]	0.6	0.45	0.5	388	347	0.8943298969072165	3_347	0.3	5.1	0.6	17.2
6yolo5s6,640,0.5,0.3,0.5,488,375,0.768,4_375,0.3,7.7,0.8,27.7
6yolov5s,640,0.5,0.15,0.5,411,375,0.912,4_375,0.3,4.0,0.7,28.7
6yolov5m,640,0.4,0.45,0.5,730,625,0.856,5_625,0.3,13.0,0.7,21.7
6yolov5m,640,0.6,0.45,0.5,740,625,0.845,5_625,0.3,13.0,0.7,21.0
6yolov5s,640,0.4,0.3,0.5,533,375,0.704,4_375,0.3,3.8,0.7,30.0
yolov5n	[640, 640]	0.6	0.3	0.5	404	347	0.8589108910891089	3_347	0.3	3.9	0.6	19.7
yolo5n6	[640, 640]	0.5	0.3	0.5	365	347	0.9506849315068493	3_347	0.3	5.1	0.6	17.8
6yolov5m,640,0.5,0.45,0.5,735,625,0.85,5_625,0.3,13.0,0.7,21.5
6yolo5n6,640,0.4,0.45,0.5,343,303,0.883,6_303,0.3,4.9,0.6,17.5
6yolo5s6,640,0.5,0.3,0.5,491,375,0.764,4_375,0.3,7.6,0.7,27.9
yolo5n6	[640, 640]	0.5	0.45	0.5	508	375	0.7381889763779528	4_375	0.3	5.0	0.7	26.3
6yolov5m,640,0.4,0.45,0.5,753,625,0.83,5_625,0.3,13.0,0.7,21.7
6yolov5n,640,0.5,0.15,0.5,427,375,0.878,4_375,0.3,3.9,0.7,28.8
7yolov5m,640,0.5,0.15,0.5,289,303,0.954,6_303,0.3,13.0,0.6,18.3
6yolov5m,640,0.4,0.3,0.5,523,375,0.717,4_375,0.3,14.0,0.7,28.3
6yolov5n,640,0.4,0.3,0.5,555,375,0.676,4_375,0.3,3.8,0.7,29.5
7yolov5s,640,0.6,0.15,0.5,277,303,0.914,6_303,0.3,3.9,0.7,18.4
7yolov5s,640,0.4,0.15,0.5,280,303,0.924,6_303,0.3,3.9,0.7,19.2
6yolov5n,640,0.6,0.45,0.5,590,375,0.636,4_375,0.3,3.9,0.7,27.5
7yolo5n6,640,0.6,0.15,0.5,237,303,0.782,6_303,0.3,5.0,0.6,15.9
6yolov5m,640,0.5,0.45,0.5,538,375,0.697,4_375,0.3,14.0,0.7,28.0
7yolov5m,640,0.4,0.15,0.5,605,625,0.968,5_625,0.3,13.0,0.7,21.3
yolo5s6	[640, 640]	0.5	0.45	0.5	401	347	0.8653366583541147	3_347	0.3	7.7	0.7	19.9
yolo5n6	[640, 640]	0.6	0.15	0.5	325	375	0.8666666666666667	4_375	0.3	5.1	0.7	25.6
6yolov5m,640,0.4,0.45,0.5,388,303,0.781,6_303,0.3,13.0,0.7,18.7
6yolo5s6,640,0.6,0.45,0.5,538,375,0.697,4_375,0.3,7.9,0.8,27.6
6yolov5n,640,0.4,0.15,0.5,457,375,0.821,4_375,0.3,4.0,0.7,29.7
7yolo5n6,640,0.5,0.15,0.5,254,303,0.838,6_303,0.3,5.0,0.7,17.2
yolov5n	[640, 640]	0.4	0.45	0.5	458	347	0.75764192139738	3_347	0.3	3.9	0.6	21.3
yolov5m	[640, 640]	0.6	0.3	0.5	398	347	0.871859296482412	3_347	0.3	13.6	0.6	19.2
6yolov5s,640,0.6,0.45,0.5,739,625,0.846,5_625,0.3,3.9,0.7,21.0
yolo5n6	[640, 640]	0.6	0.3	0.5	443	375	0.8465011286681715	4_375	0.3	5.1	0.7	25.4
yolo5s6	[640, 640]	0.4	0.15	0.5	301	347	0.8674351585014409	3_347	0.3	7.7	0.7	20.9
yolov5s	[640, 640]	0.6	0.45	0.5	482	347	0.7199170124481328	3_347	0.3	3.9	0.6	19.0
6yolov5s,640,0.6,0.3,0.5,353,303,0.858,6_303,0.3,3.9,0.7,17.9
7yolo5s6,640,0.6,0.15,0.5,261,303,0.861,6_303,0.3,7.5,0.7,17.2
7yolo5n6,640,0.6,0.15,0.5,494,625,0.79,5_625,0.3,5.0,0.7,19.8
yolo5n6	[640, 640]	0.6	0.45	0.5	385	347	0.9012987012987013	3_347	0.3	5.2	0.6	17.0
6yolov5n,640,0.6,0.3,0.5,535,375,0.701,4_375,0.3,4.0,0.7,27.7
6yolov5s,640,0.4,0.3,0.5,688,625,0.908,5_625,0.3,3.8,0.7,21.9
yolo5s6	[640, 640]	0.5	0.15	0.5	287	347	0.8270893371757925	3_347	0.3	7.5	0.6	19.8
yolov5s	[640, 640]	0.5	0.45	0.5	492	347	0.7052845528455285	3_347	0.3	3.9	0.6	20.0
6yolo5s6,640,0.5,0.3,0.5,665,625,0.94,5_625,0.3,7.8,0.7,21.2
yolov5m	[640, 640]	0.6	0.45	0.5	431	347	0.8051044083526682	3_347	0.3	13.7	0.6	18.9
6yolo5s6,640,0.5,0.3,0.5,318,303,0.953,6_303,0.3,7.5,0.7,17.7
6yolov5s,640,0.4,0.3,0.5,507,375,0.74,4_375,0.3,3.9,0.7,29.3
6yolo5n6,640,0.5,0.3,0.5,630,625,0.992,5_625,0.3,5.0,0.7,20.3
6yolov5n,640,0.5,0.3,0.5,351,303,0.863,6_303,0.3,3.9,0.7,18.7
7yolo5s6,640,0.6,0.15,0.5,531,625,0.85,5_625,0.3,7.8,0.7,20.5
yolov5m	[640, 640]	0.5	0.3	0.5	412	347	0.8422330097087378	3_347	0.3	13.8	0.6	20.6
7yolo5s6,640,0.4,0.15,0.5,581,625,0.93,5_625,0.3,7.8,0.7,21.5
yolov5m	[640, 640]	0.6	0.45	0.5	434	347	0.7995391705069125	3_347	0.3	13.6	0.6	19.2
6yolov5n,640,0.4,0.45,0.5,401,303,0.756,6_303,0.3,3.9,0.7,19.6
7yolo5n6,640,0.4,0.15,0.5,269,303,0.888,6_303,0.3,4.9,0.6,17.5
yolov5m	[640, 640]	0.5	0.15	0.5	326	347	0.9394812680115274	3_347	0.3	13.8	0.6	20.4
6yolov5s,640,0.4,0.15,0.5,466,375,0.805,4_375,0.3,3.9,0.7,30.6
yolo5s6	[640, 640]	0.5	0.3	0.5	371	347	0.9353099730458221	3_347	0.3	7.4	0.7	20.1
6yolov5n,640,0.4,0.45,0.5,609,375,0.616,4_375,0.3,3.9,0.7,29.8
7yolo5s6,640,0.4,0.15,0.5,565,625,0.904,5_625,0.3,7.8,0.7,20.8
6yolov5s,640,0.6,0.15,0.5,422,375,0.889,4_375,0.3,3.9,0.7,28.6
yolov5m	[640, 640]	0.6	0.15	0.5	323	347	0.930835734870317	3_347	0.3	13.6	0.6	18.9
7yolov5n,640,0.5,0.15,0.5,581,625,0.93,5_625,0.3,3.9,0.7,21.3
7yolov5s,640,0.6,0.15,0.5,276,303,0.911,6_303,0.3,3.9,0.7,17.9
yolo5n6	[640, 640]	0.4	0.3	0.5	474	375	0.7911392405063291	4_375	0.3	5.0	0.7	27.1
7yolov5s,640,0.5,0.15,0.5,273,303,0.901,6_303,0.3,3.8,0.7,18.4
yolov5n	[640, 640]	0.6	0.3	0.5	395	347	0.8784810126582279	3_347	0.3	4.0	0.6	19.2
6yolo5s6,640,0.4,0.3,0.5,671,625,0.931,5_625,0.3,7.8,0.7,21.3
yolo5s6	[640, 640]	0.5	0.3	0.5	360	347	0.9638888888888889	3_347	0.3	7.4	0.6	19.7
6yolov5n,640,0.6,0.3,0.5,348,303,0.871,6_303,0.3,3.8,0.7,17.9
6yolov5m,640,0.4,0.15,0.5,458,375,0.819,4_375,0.3,14.1,0.7,28.6
6yolo5s6,640,0.5,0.45,0.5,530,375,0.708,4_375,0.3,7.8,0.8,28.1
6yolov5s,640,0.5,0.45,0.5,735,625,0.85,5_625,0.3,3.8,0.7,20.9
7yolo5n6,640,0.6,0.15,0.5,244,303,0.805,6_303,0.3,4.9,0.6,16.0
6yolov5m,640,0.6,0.3,0.5,668,625,0.936,5_625,0.3,13.0,0.7,20.9
6yolov5m,640,0.4,0.45,0.5,556,375,0.674,4_375,0.3,14.1,0.7,28.5
7yolov5s,640,0.5,0.15,0.5,296,303,0.977,6_303,0.3,3.8,0.6,18.7
7yolov5m,640,0.4,0.15,0.5,297,303,0.98,6_303,0.3,13.0,0.7,18.6
yolov5s	[640, 640]	0.6	0.45	0.5	476	347	0.7289915966386554	3_347	0.3	3.9	0.6	19.4
6yolov5m,640,0.4,0.15,0.5,637,625,0.981,5_625,0.3,13.0,0.7,21.8
yolov5n	[640, 640]	0.5	0.3	0.5	397	347	0.8740554156171285	3_347	0.3	3.8	0.6	20.0
yolov5m	[640, 640]	0.4	0.15	0.5	339	347	0.9769452449567724	3_347	0.3	13.8	0.6	20.7
6yolov5s,640,0.4,0.45,0.5,829,625,0.754,5_625,0.3,3.9,0.7,22.2
6yolo5n6,640,0.5,0.45,0.5,679,625,0.92,5_625,0.3,5.0,0.7,20.4
6yolov5s,640,0.4,0.3,0.5,339,303,0.894,6_303,0.3,3.9,0.7,19.5
6yolov5m,640,0.6,0.3,0.5,330,303,0.918,6_303,0.3,13.1,0.7,17.9
6yolov5s,640,0.4,0.3,0.5,329,303,0.921,6_303,0.3,3.9,0.7,19.2
7yolo5s6,[640, 640],0.6,0.15,0.5,371,375,0.9893333333333333,4_375,0.3,7.7,0.7,26.7
6yolov5m,640,0.6,0.3,0.5,687,625,0.91,5_625,0.3,13.0,0.7,21.1
6yolo5n6,640,0.4,0.3,0.5,327,303,0.927,6_303,0.3,5.0,0.7,17.7