231 1 560 0 481 177 -1 -1 -1 -1 
232 1 552 2 494 187 -1 -1 -1 -1 
233 1 548 3 500 197 -1 -1 -1 -1 
234 1 547 3 498 210 -1 -1 -1 -1 
235 1 543 3 499 228 -1 -1 -1 -1 
236 1 539 3 507 238 -1 -1 -1 -1 
237 1 538 4 502 254 -1 -1 -1 -1 
238 1 538 5 498 271 -1 -1 -1 -1 
239 1 538 3 498 292 -1 -1 -1 -1 
240 1 533 4 503 304 -1 -1 -1 -1 
241 1 530 4 506 317 -1 -1 -1 -1 
242 1 528 5 505 331 -1 -1 -1 -1 
243 1 524 6 510 346 -1 -1 -1 -1 
244 1 521 6 510 363 -1 -1 -1 -1 
245 1 516 6 517 377 -1 -1 -1 -1 
246 1 514 7 521 390 -1 -1 -1 -1 
247 1 509 9 526 404 -1 -1 -1 -1 
248 1 506 11 529 415 -1 -1 -1 -1 
249 1 512 15 509 428 -1 -1 -1 -1 
250 1 504 18 518 440 -1 -1 -1 -1 
251 1 501 21 520 449 -1 -1 -1 -1 
252 1 500 29 525 459 -1 -1 -1 -1 
253 1 497 43 527 459 -1 -1 -1 -1 
254 1 492 60 535 457 -1 -1 -1 -1 
255 1 492 76 530 455 -1 -1 -1 -1 
256 1 488 94 528 452 -1 -1 -1 -1 
257 1 487 109 525 458 -1 -1 -1 -1 
258 1 484 128 531 453 -1 -1 -1 -1 
259 1 483 140 526 458 -1 -1 -1 -1 
260 1 479 153 533 461 -1 -1 -1 -1 
261 1 478 171 531 460 -1 -1 -1 -1 
262 1 477 184 529 465 -1 -1 -1 -1 
263 1 473 203 529 460 -1 -1 -1 -1 
264 1 468 228 541 443 -1 -1 -1 -1 
265 1 478 239 518 448 -1 -1 -1 -1 
266 1 470 252 535 453 -1 -1 -1 -1 
267 1 468 273 540 449 -1 -1 -1 -1 
268 1 470 289 532 456 -1 -1 -1 -1 
269 1 466 303 537 459 -1 -1 -1 -1 
270 1 465 318 540 463 -1 -1 -1 -1 
271 1 463 335 544 465 -1 -1 -1 -1 
272 1 461 354 543 460 -1 -1 -1 -1 
272 3 578 0 455 229 -1 -1 -1 -1 
273 1 458 373 545 453 -1 -1 -1 -1 
273 3 533 0 535 241 -1 -1 -1 -1 
274 1 459 395 542 446 -1 -1 -1 -1 
274 3 517 0 552 252 -1 -1 -1 -1 
275 1 459 408 539 448 -1 -1 -1 -1 
275 3 529 0 528 268 -1 -1 -1 -1 
276 1 457 423 540 447 -1 -1 -1 -1 
276 3 531 1 531 283 -1 -1 -1 -1 
277 1 454 439 544 446 -1 -1 -1 -1 
277 3 534 1 538 289 -1 -1 -1 -1 
278 1 455 454 534 447 -1 -1 -1 -1 
278 3 544 2 504 298 -1 -1 -1 -1 
279 1 451 475 536 443 -1 -1 -1 -1 
279 3 546 1 504 317 -1 -1 -1 -1 
280 1 446 495 542 438 -1 -1 -1 -1 
280 3 537 3 520 334 -1 -1 -1 -1 
281 1 447 511 538 438 -1 -1 -1 -1 
281 3 538 2 507 355 -1 -1 -1 -1 
282 1 448 527 543 439 -1 -1 -1 -1 
282 3 541 2 490 374 -1 -1 -1 -1 
283 1 448 542 538 438 -1 -1 -1 -1 
283 3 535 3 503 387 -1 -1 -1 -1 
284 1 451 557 532 442 -1 -1 -1 -1 
284 3 527 3 505 400 -1 -1 -1 -1 
285 1 446 579 542 435 -1 -1 -1 -1 
285 3 522 3 505 413 -1 -1 -1 -1 
286 1 444 597 541 425 -1 -1 -1 -1 
286 3 517 5 515 427 -1 -1 -1 -1 
287 1 445 614 539 421 -1 -1 -1 -1 
287 3 515 8 515 440 -1 -1 -1 -1 
288 1 447 629 532 417 -1 -1 -1 -1 
288 3 511 9 516 452 -1 -1 -1 -1 
289 1 447 640 529 414 -1 -1 -1 -1 
289 3 510 9 513 465 -1 -1 -1 -1 
290 1 450 651 523 417 -1 -1 -1 -1 
290 3 503 11 513 476 -1 -1 -1 -1 
291 1 447 671 525 407 -1 -1 -1 -1 
291 3 495 14 522 483 -1 -1 -1 -1 
292 1 448 689 524 390 -1 -1 -1 -1 
292 3 502 15 499 500 -1 -1 -1 -1 
293 1 447 708 522 371 -1 -1 -1 -1 
293 3 489 20 525 512 -1 -1 -1 -1 
293 4 1374 0 258 177 -1 -1 -1 -1 
294 1 450 723 511 356 -1 -1 -1 -1 
294 3 484 19 525 533 -1 -1 -1 -1 
294 4 1362 0 278 187 -1 -1 -1 -1 
295 1 456 733 499 346 -1 -1 -1 -1 
295 3 484 21 517 552 -1 -1 -1 -1 
295 4 1368 0 272 197 -1 -1 -1 -1 
296 1 452 753 506 326 -1 -1 -1 -1 
296 3 470 23 539 572 -1 -1 -1 -1 
296 4 1352 0 296 212 -1 -1 -1 -1 
297 1 451 772 510 307 -1 -1 -1 -1 
297 3 464 24 538 594 -1 -1 -1 -1 
297 4 1366 0 276 228 -1 -1 -1 -1 
298 1 451 791 510 288 -1 -1 -1 -1 
298 3 455 28 559 606 -1 -1 -1 -1 
298 4 1359 0 288 239 -1 -1 -1 -1 
299 1 453 806 504 273 -1 -1 -1 -1 
299 3 457 32 548 623 -1 -1 -1 -1 
299 4 1363 0 284 259 -1 -1 -1 -1 
299 5 828 0 495 225 -1 -1 -1 -1 
300 1 455 822 500 257 -1 -1 -1 -1 
300 3 453 34 557 638 -1 -1 -1 -1 
300 4 1361 0 291 275 -1 -1 -1 -1 
300 5 832 0 470 252 -1 -1 -1 -1 
301 1 453 837 494 242 -1 -1 -1 -1 
301 3 448 34 565 658 -1 -1 -1 -1 
301 4 1362 0 292 284 -1 -1 -1 -1 
301 5 817 0 489 256 -1 -1 -1 -1 
302 1 442 859 516 220 -1 -1 -1 -1 
302 3 447 35 566 679 -1 -1 -1 -1 
302 4 1352 0 308 294 -1 -1 -1 -1 
302 5 834 0 460 269 -1 -1 -1 -1 
303 1 443 878 518 201 -1 -1 -1 -1 
303 3 439 56 576 674 -1 -1 -1 -1 
303 4 1360 1 296 310 -1 -1 -1 -1 
303 5 825 0 472 276 -1 -1 -1 -1 
304 1 457 892 497 187 -1 -1 -1 -1 
304 3 439 84 575 660 -1 -1 -1 -1 
304 4 1366 2 291 322 -1 -1 -1 -1 
304 5 820 1 482 291 -1 -1 -1 -1 
305 1 464 908 476 171 -1 -1 -1 -1 
305 3 439 109 577 651 -1 -1 -1 -1 
305 4 1363 2 303 336 -1 -1 -1 -1 
305 5 846 3 445 319 -1 -1 -1 -1 
306 1 465 923 471 156 -1 -1 -1 -1 
306 3 437 122 575 650 -1 -1 -1 -1 
306 4 1365 2 305 350 -1 -1 -1 -1 
306 5 842 3 459 337 -1 -1 -1 -1 
307 1 466 934 466 145 -1 -1 -1 -1 
307 3 438 144 567 651 -1 -1 -1 -1 
307 4 1364 4 309 367 -1 -1 -1 -1 
307 5 843 4 460 349 -1 -1 -1 -1 
308 1 482 950 432 129 -1 -1 -1 -1 
308 3 440 165 565 650 -1 -1 -1 -1 
308 4 1364 5 312 379 -1 -1 -1 -1 
309 3 442 184 560 650 -1 -1 -1 -1 
309 4 1368 6 311 390 -1 -1 -1 -1 
309 5 846 6 460 382 -1 -1 -1 -1 
310 3 431 199 572 652 -1 -1 -1 -1 
310 4 1365 7 316 406 -1 -1 -1 -1 
310 5 832 7 473 402 -1 -1 -1 -1 
311 3 429 216 566 654 -1 -1 -1 -1 
311 4 1368 13 312 408 -1 -1 -1 -1 
311 5 846 7 450 428 -1 -1 -1 -1 
311 6 383 2 424 195 -1 -1 -1 -1 
312 3 419 227 579 661 -1 -1 -1 -1 
312 4 1369 14 309 420 -1 -1 -1 -1 
312 5 827 7 482 443 -1 -1 -1 -1 
312 6 369 3 423 207 -1 -1 -1 -1 
313 3 413 246 585 656 -1 -1 -1 -1 
313 4 1370 20 307 433 -1 -1 -1 -1 
313 5 805 11 504 453 -1 -1 -1 -1 
313 6 375 1 391 233 -1 -1 -1 -1 
314 3 419 269 566 649 -1 -1 -1 -1 
314 4 1365 16 316 455 -1 -1 -1 -1 
314 5 797 14 505 469 -1 -1 -1 -1 
314 6 357 0 417 251 -1 -1 -1 -1 
315 3 416 285 570 654 -1 -1 -1 -1 
315 4 1356 11 327 479 -1 -1 -1 -1 
315 5 801 17 499 490 -1 -1 -1 -1 
315 6 354 0 422 263 -1 -1 -1 -1 
316 3 418 302 568 654 -1 -1 -1 -1 
316 4 1347 10 340 496 -1 -1 -1 -1 
316 5 790 18 507 502 -1 -1 -1 -1 
316 6 352 0 415 277 -1 -1 -1 -1 
317 3 407 313 585 659 -1 -1 -1 -1 
317 4 1339 12 351 509 -1 -1 -1 -1 
317 5 791 19 505 514 -1 -1 -1 -1 
317 6 344 2 418 295 -1 -1 -1 -1 
318 3 410 328 580 668 -1 -1 -1 -1 
318 4 1344 13 344 529 -1 -1 -1 -1 
318 5 779 18 520 539 -1 -1 -1 -1 
318 6 343 3 399 316 -1 -1 -1 -1 
319 3 403 350 589 663 -1 -1 -1 -1 
319 4 1340 13 350 542 -1 -1 -1 -1 
319 5 769 19 523 559 -1 -1 -1 -1 
319 6 332 3 395 337 -1 -1 -1 -1 
320 3 405 369 589 664 -1 -1 -1 -1 
320 4 1337 15 354 556 -1 -1 -1 -1 
320 5 765 22 524 583 -1 -1 -1 -1 
320 6 322 3 402 350 -1 -1 -1 -1 
321 3 400 390 594 657 -1 -1 -1 -1 
321 4 1340 21 349 566 -1 -1 -1 -1 
321 5 763 24 530 602 -1 -1 -1 -1 
321 6 319 4 404 371 -1 -1 -1 -1 
322 3 397 405 596 652 -1 -1 -1 -1 
322 4 1340 30 351 573 -1 -1 -1 -1 
322 5 763 27 527 623 -1 -1 -1 -1 
322 6 308 4 410 385 -1 -1 -1 -1 
323 3 403 414 589 649 -1 -1 -1 -1 
323 4 1336 39 353 583 -1 -1 -1 -1 
323 5 753 30 539 641 -1 -1 -1 -1 
323 6 304 5 414 401 -1 -1 -1 -1 
324 3 397 426 597 640 -1 -1 -1 -1 
324 4 1335 51 353 587 -1 -1 -1 -1 
324 5 752 32 538 661 -1 -1 -1 -1 
324 6 298 5 421 415 -1 -1 -1 -1 
325 3 396 441 599 625 -1 -1 -1 -1 
325 4 1332 65 357 587 -1 -1 -1 -1 
325 5 746 39 543 673 -1 -1 -1 -1 
325 6 295 4 425 429 -1 -1 -1 -1 
326 3 396 462 597 604 -1 -1 -1 -1 
326 4 1332 81 359 587 -1 -1 -1 -1 
326 5 745 52 544 677 -1 -1 -1 -1 
326 6 296 4 415 447 -1 -1 -1 -1 
327 3 394 479 589 585 -1 -1 -1 -1 
327 4 1329 95 362 590 -1 -1 -1 -1 
327 5 748 69 535 687 -1 -1 -1 -1 
327 6 287 6 429 457 -1 -1 -1 -1 
328 3 397 504 580 562 -1 -1 -1 -1 
328 4 1327 112 365 589 -1 -1 -1 -1 
328 5 746 84 537 689 -1 -1 -1 -1 
328 6 286 9 425 468 -1 -1 -1 -1 
329 3 389 525 585 543 -1 -1 -1 -1 
329 4 1326 128 365 594 -1 -1 -1 -1 
329 5 742 97 545 698 -1 -1 -1 -1 
329 6 281 15 436 481 -1 -1 -1 -1 
330 3 385 539 586 534 -1 -1 -1 -1 
330 4 1326 141 363 599 -1 -1 -1 -1 
330 5 741 110 543 705 -1 -1 -1 -1 
330 6 277 23 436 482 -1 -1 -1 -1 
331 3 392 555 561 518 -1 -1 -1 -1 
331 4 1322 161 368 592 -1 -1 -1 -1 
331 5 739 124 546 708 -1 -1 -1 -1 
331 6 277 25 435 503 -1 -1 -1 -1 
332 3 388 571 560 503 -1 -1 -1 -1 
332 4 1327 173 360 595 -1 -1 -1 -1 
332 5 735 138 545 720 -1 -1 -1 -1 
332 6 275 27 430 516 -1 -1 -1 -1 
333 3 391 579 532 495 -1 -1 -1 -1 
333 4 1326 187 362 597 -1 -1 -1 -1 
333 5 733 156 548 721 -1 -1 -1 -1 
333 6 271 28 438 520 -1 -1 -1 -1 
334 3 383 601 548 471 -1 -1 -1 -1 
334 4 1320 203 368 593 -1 -1 -1 -1 
334 5 729 173 547 723 -1 -1 -1 -1 
334 6 270 36 434 538 -1 -1 -1 -1 
335 3 380 622 545 450 -1 -1 -1 -1 
335 4 1319 216 365 604 -1 -1 -1 -1 
335 5 725 186 547 727 -1 -1 -1 -1 
335 6 263 59 443 526 -1 -1 -1 -1 
336 3 389 647 538 426 -1 -1 -1 -1 
336 4 1325 237 356 602 -1 -1 -1 -1 
336 5 726 199 543 731 -1 -1 -1 -1 
336 6 263 73 444 525 -1 -1 -1 -1 
337 3 392 665 527 412 -1 -1 -1 -1 
337 4 1327 251 355 604 -1 -1 -1 -1 
337 5 718 215 549 731 -1 -1 -1 -1 
338 4 1325 264 359 608 -1 -1 -1 -1 
338 5 719 234 546 728 -1 -1 -1 -1 
338 6 261 104 428 482 -1 -1 -1 -1 
339 4 1323 281 361 609 -1 -1 -1 -1 
339 5 716 254 550 720 -1 -1 -1 -1 
339 6 256 124 439 477 -1 -1 -1 -1 
340 4 1315 300 369 604 -1 -1 -1 -1 
340 5 721 269 535 723 -1 -1 -1 -1 
340 6 255 147 439 466 -1 -1 -1 -1 
341 4 1314 316 365 608 -1 -1 -1 -1 
341 5 717 280 537 726 -1 -1 -1 -1 
341 6 255 163 440 472 -1 -1 -1 -1 
342 4 1312 337 365 602 -1 -1 -1 -1 
342 5 714 291 535 731 -1 -1 -1 -1 
342 6 257 176 426 471 -1 -1 -1 -1 
343 4 1312 350 361 603 -1 -1 -1 -1 
343 5 711 304 541 734 -1 -1 -1 -1 
343 6 254 181 427 487 -1 -1 -1 -1 
343 7 387 669 374 400 -1 -1 -1 -1 
344 4 1315 361 354 612 -1 -1 -1 -1 
344 5 709 323 552 724 -1 -1 -1 -1 
344 6 247 197 429 477 -1 -1 -1 -1 
344 7 384 659 358 410 -1 -1 -1 -1 
345 4 1303 379 369 601 -1 -1 -1 -1 
345 5 705 340 553 712 -1 -1 -1 -1 
345 6 246 207 425 482 -1 -1 -1 -1 
345 7 379 668 352 399 -1 -1 -1 -1 
346 4 1311 396 355 603 -1 -1 -1 -1 
346 5 702 358 556 698 -1 -1 -1 -1 
346 6 245 221 427 484 -1 -1 -1 -1 
346 7 380 689 338 377 -1 -1 -1 -1 
347 4 1301 415 363 602 -1 -1 -1 -1 
347 5 709 371 546 687 -1 -1 -1 -1 
347 6 244 241 431 480 -1 -1 -1 -1 
347 7 378 704 329 366 -1 -1 -1 -1 
348 4 1296 432 364 600 -1 -1 -1 -1 
348 5 714 386 547 668 -1 -1 -1 -1 
348 6 243 260 427 471 -1 -1 -1 -1 
348 7 376 703 327 370 -1 -1 -1 -1 
349 4 1296 445 361 594 -1 -1 -1 -1 
349 5 713 406 547 643 -1 -1 -1 -1 
349 6 243 276 415 468 -1 -1 -1 -1 
349 7 375 707 333 365 -1 -1 -1 -1 
350 4 1294 459 360 589 -1 -1 -1 -1 
350 5 711 423 543 635 -1 -1 -1 -1 
350 6 237 290 433 470 -1 -1 -1 -1 
350 7 363 730 335 339 -1 -1 -1 -1 
351 4 1291 472 360 585 -1 -1 -1 -1 
351 5 709 436 542 625 -1 -1 -1 -1 
351 6 237 308 425 467 -1 -1 -1 -1 
351 7 369 747 326 320 -1 -1 -1 -1 
352 4 1290 494 360 572 -1 -1 -1 -1 
352 5 704 453 547 609 -1 -1 -1 -1 
352 6 236 322 430 477 -1 -1 -1 -1 
352 7 379 758 317 311 -1 -1 -1 -1 
353 4 1283 512 365 561 -1 -1 -1 -1 
353 5 701 469 541 596 -1 -1 -1 -1 
353 6 235 333 432 483 -1 -1 -1 -1 
353 7 382 768 307 303 -1 -1 -1 -1 
354 4 1275 527 371 547 -1 -1 -1 -1 
354 5 698 479 542 586 -1 -1 -1 -1 
354 6 227 361 442 463 -1 -1 -1 -1 
354 7 385 779 302 294 -1 -1 -1 -1 
355 4 1271 542 372 531 -1 -1 -1 -1 
355 5 696 502 546 564 -1 -1 -1 -1 
355 6 231 386 431 454 -1 -1 -1 -1 
355 7 382 802 305 272 -1 -1 -1 -1 
356 4 1263 560 377 513 -1 -1 -1 -1 
356 5 697 518 533 552 -1 -1 -1 -1 
356 6 234 402 430 465 -1 -1 -1 -1 
356 7 366 843 318 231 -1 -1 -1 -1 
357 4 1273 575 362 500 -1 -1 -1 -1 
357 5 701 533 524 535 -1 -1 -1 -1 
357 6 239 410 421 488 -1 -1 -1 -1 
358 4 1275 591 359 483 -1 -1 -1 -1 
358 5 701 550 527 517 -1 -1 -1 -1 
358 6 239 420 424 517 -1 -1 -1 -1 
359 4 1274 608 359 465 -1 -1 -1 -1 
359 5 700 566 511 502 -1 -1 -1 -1 
359 6 233 440 437 534 -1 -1 -1 -1 
360 4 1278 624 347 448 -1 -1 -1 -1 
360 5 690 585 528 488 -1 -1 -1 -1 
360 6 230 469 448 528 -1 -1 -1 -1 
361 4 1265 637 354 437 -1 -1 -1 -1 
361 5 698 602 512 471 -1 -1 -1 -1 
361 6 238 490 432 538 -1 -1 -1 -1 
362 4 1259 651 357 423 -1 -1 -1 -1 
362 5 703 613 500 460 -1 -1 -1 -1 
362 6 233 498 435 545 -1 -1 -1 -1 
363 4 1252 664 358 413 -1 -1 -1 -1 
363 5 694 633 515 439 -1 -1 -1 -1 
363 6 229 525 452 526 -1 -1 -1 -1 
364 4 1249 679 357 399 -1 -1 -1 -1 
364 5 692 649 521 423 -1 -1 -1 -1 
364 6 235 546 444 512 -1 -1 -1 -1 
365 4 1240 695 364 382 -1 -1 -1 -1 
365 5 695 664 508 411 -1 -1 -1 -1 
365 6 235 559 452 493 -1 -1 -1 -1 
366 4 1235 709 365 366 -1 -1 -1 -1 
366 5 684 682 519 396 -1 -1 -1 -1 
366 6 239 560 439 491 -1 -1 -1 -1 
367 4 1233 721 361 352 -1 -1 -1 -1 
367 5 692 701 496 378 -1 -1 -1 -1 
367 6 230 582 457 476 -1 -1 -1 -1 
368 4 1234 736 357 338 -1 -1 -1 -1 
368 5 693 716 499 362 -1 -1 -1 -1 
368 6 229 599 457 463 -1 -1 -1 -1 
369 4 1226 749 361 326 -1 -1 -1 -1 
369 5 690 724 491 354 -1 -1 -1 -1 
369 6 237 602 438 467 -1 -1 -1 -1 
370 4 1219 764 366 313 -1 -1 -1 -1 
370 5 699 739 480 336 -1 -1 -1 -1 
370 6 235 618 452 452 -1 -1 -1 -1 
371 4 1218 781 362 295 -1 -1 -1 -1 
371 5 688 760 491 316 -1 -1 -1 -1 
371 6 243 619 436 456 -1 -1 -1 -1 
372 4 1215 794 357 285 -1 -1 -1 -1 
372 5 687 774 486 303 -1 -1 -1 -1 
372 6 237 639 442 439 -1 -1 -1 -1 
372 8 1024 1 487 205 -1 -1 -1 -1 
373 4 1211 806 358 273 -1 -1 -1 -1 
373 5 692 788 476 290 -1 -1 -1 -1 
373 6 239 662 440 417 -1 -1 -1 -1 
373 8 1025 1 478 217 -1 -1 -1 -1 
374 4 1210 821 352 258 -1 -1 -1 -1 
374 5 689 807 483 271 -1 -1 -1 -1 
374 6 247 685 435 394 -1 -1 -1 -1 
374 8 1023 0 472 234 -1 -1 -1 -1 
375 4 1207 836 354 243 -1 -1 -1 -1 
375 5 684 823 497 256 -1 -1 -1 -1 
375 6 251 704 429 375 -1 -1 -1 -1 
375 8 1015 0 482 246 -1 -1 -1 -1 
376 4 1208 850 345 227 -1 -1 -1 -1 
376 5 680 841 503 237 -1 -1 -1 -1 
376 6 253 665 413 414 -1 -1 -1 -1 
376 8 1011 0 484 255 -1 -1 -1 -1 
377 4 1212 865 331 213 -1 -1 -1 -1 
377 5 690 857 482 222 -1 -1 -1 -1 
378 6 223 754 466 315 -1 -1 -1 -1 
378 8 996 1 513 284 -1 -1 -1 -1 
379 6 233 762 442 309 -1 -1 -1 -1 
379 8 994 0 530 295 -1 -1 -1 -1 
380 6 235 779 437 296 -1 -1 -1 -1 
381 8 995 3 534 321 -1 -1 -1 -1 
382 8 992 2 531 337 -1 -1 -1 -1 
383 8 986 1 536 351 -1 -1 -1 -1 
384 8 972 1 567 362 -1 -1 -1 -1 
385 8 988 0 547 377 -1 -1 -1 -1 
385 10 458 0 346 176 -1 -1 -1 -1 
386 8 970 0 578 390 -1 -1 -1 -1 
386 10 450 0 358 185 -1 -1 -1 -1 
387 8 970 0 571 404 -1 -1 -1 -1 
387 10 428 0 391 196 -1 -1 -1 -1 
388 8 961 0 584 416 -1 -1 -1 -1 
388 10 426 0 390 209 -1 -1 -1 -1 
389 8 959 0 589 425 -1 -1 -1 -1 
389 10 417 0 401 220 -1 -1 -1 -1 
390 8 959 0 595 439 -1 -1 -1 -1 
390 10 419 0 392 233 -1 -1 -1 -1 
391 8 957 1 599 450 -1 -1 -1 -1 
391 10 423 0 382 250 -1 -1 -1 -1 
392 8 963 3 598 462 -1 -1 -1 -1 
392 10 419 0 383 266 -1 -1 -1 -1 
393 8 958 3 610 476 -1 -1 -1 -1 
393 10 414 0 386 281 -1 -1 -1 -1 
394 8 967 5 598 488 -1 -1 -1 -1 
394 10 411 2 389 296 -1 -1 -1 -1 
395 8 970 8 594 496 -1 -1 -1 -1 
395 10 404 2 402 308 -1 -1 -1 -1 
396 8 957 8 619 509 -1 -1 -1 -1 
396 10 395 2 414 319 -1 -1 -1 -1 
397 8 953 10 623 517 -1 -1 -1 -1 
397 10 394 2 406 338 -1 -1 -1 -1 
398 8 946 11 634 529 -1 -1 -1 -1 
398 10 390 2 415 352 -1 -1 -1 -1 
399 8 940 10 640 542 -1 -1 -1 -1 
399 10 385 3 422 362 -1 -1 -1 -1 
400 8 938 10 640 556 -1 -1 -1 -1 
400 10 378 4 431 374 -1 -1 -1 -1 
401 8 939 11 642 573 -1 -1 -1 -1 
401 10 370 3 438 388 -1 -1 -1 -1 
402 8 930 11 654 593 -1 -1 -1 -1 
402 10 365 4 433 400 -1 -1 -1 -1 
403 8 930 13 658 609 -1 -1 -1 -1 
403 10 367 6 427 411 -1 -1 -1 -1 
404 8 923 14 665 626 -1 -1 -1 -1 
404 10 363 7 439 427 -1 -1 -1 -1 
405 8 915 16 672 640 -1 -1 -1 -1 
405 10 360 9 441 440 -1 -1 -1 -1 
406 8 912 22 671 652 -1 -1 -1 -1 
406 10 358 11 433 449 -1 -1 -1 -1 
407 8 905 25 677 667 -1 -1 -1 -1 
407 10 369 13 415 463 -1 -1 -1 -1 
408 8 904 32 679 680 -1 -1 -1 -1 
408 10 359 17 435 479 -1 -1 -1 -1 
409 8 902 41 683 685 -1 -1 -1 -1 
409 10 354 23 444 489 -1 -1 -1 -1 
410 8 897 56 694 684 -1 -1 -1 -1 
410 10 352 36 443 494 -1 -1 -1 -1 
411 8 893 70 698 688 -1 -1 -1 -1 
411 10 348 47 450 501 -1 -1 -1 -1 
412 8 890 88 697 684 -1 -1 -1 -1 
412 10 350 61 454 503 -1 -1 -1 -1 
413 8 890 108 695 680 -1 -1 -1 -1 
413 10 350 81 452 496 -1 -1 -1 -1 
414 8 898 124 680 688 -1 -1 -1 -1 
414 10 346 92 451 499 -1 -1 -1 -1 
415 8 894 145 695 680 -1 -1 -1 -1 
415 10 345 110 448 496 -1 -1 -1 -1 
416 8 889 162 705 673 -1 -1 -1 -1 
416 10 338 131 468 494 -1 -1 -1 -1 
417 8 901 179 684 678 -1 -1 -1 -1 
417 10 334 150 471 489 -1 -1 -1 -1 
418 8 894 203 694 674 -1 -1 -1 -1 
418 10 341 165 457 497 -1 -1 -1 -1 
419 8 899 217 687 681 -1 -1 -1 -1 
419 10 331 173 472 507 -1 -1 -1 -1 
420 8 898 232 690 688 -1 -1 -1 -1 
420 10 325 188 472 509 -1 -1 -1 -1 
421 8 890 252 709 683 -1 -1 -1 -1 
421 10 322 205 475 503 -1 -1 -1 -1 
422 8 888 269 712 684 -1 -1 -1 -1 
422 10 318 217 469 506 -1 -1 -1 -1 
423 8 885 285 702 677 -1 -1 -1 -1 
423 10 323 236 452 498 -1 -1 -1 -1 
424 8 883 302 704 679 -1 -1 -1 -1 
424 10 321 255 448 493 -1 -1 -1 -1 
425 8 878 318 713 681 -1 -1 -1 -1 
425 10 316 264 455 497 -1 -1 -1 -1 
426 8 881 338 702 679 -1 -1 -1 -1 
426 10 322 282 441 499 -1 -1 -1 -1 
427 8 872 355 711 675 -1 -1 -1 -1 
427 10 318 297 440 506 -1 -1 -1 -1 
428 8 864 371 717 663 -1 -1 -1 -1 
428 10 308 313 466 498 -1 -1 -1 -1 
429 8 863 389 714 649 -1 -1 -1 -1 
429 10 318 331 445 497 -1 -1 -1 -1 
430 8 868 409 694 640 -1 -1 -1 -1 
430 10 310 348 466 497 -1 -1 -1 -1 
431 8 858 426 709 630 -1 -1 -1 -1 
431 10 311 361 464 495 -1 -1 -1 -1 
432 8 849 448 717 612 -1 -1 -1 -1 
432 10 310 375 453 499 -1 -1 -1 -1 
433 8 841 471 725 594 -1 -1 -1 -1 
433 10 310 391 456 498 -1 -1 -1 -1 
434 8 837 489 717 575 -1 -1 -1 -1 
434 10 313 407 451 496 -1 -1 -1 -1 
435 8 835 508 722 556 -1 -1 -1 -1 
435 10 311 419 449 498 -1 -1 -1 -1 
436 8 836 529 721 538 -1 -1 -1 -1 
436 10 316 434 450 502 -1 -1 -1 -1 
437 8 828 550 723 518 -1 -1 -1 -1 
437 10 310 454 454 498 -1 -1 -1 -1 
438 8 826 568 721 501 -1 -1 -1 -1 
438 10 309 470 452 499 -1 -1 -1 -1 
439 8 822 591 740 481 -1 -1 -1 -1 
439 10 307 494 457 488 -1 -1 -1 -1 
440 8 824 609 737 465 -1 -1 -1 -1 
440 10 309 517 460 478 -1 -1 -1 -1 
441 8 816 627 736 444 -1 -1 -1 -1 
441 10 314 526 450 484 -1 -1 -1 -1 
442 8 811 643 727 427 -1 -1 -1 -1 
442 10 310 541 460 482 -1 -1 -1 -1 
443 8 816 657 717 416 -1 -1 -1 -1 
443 10 308 559 461 471 -1 -1 -1 -1 
444 8 812 675 729 404 -1 -1 -1 -1 
444 10 310 580 454 457 -1 -1 -1 -1 
445 8 827 701 726 377 -1 -1 -1 -1 
445 10 310 608 455 440 -1 -1 -1 -1 
446 8 884 733 373 346 -1 -1 -1 -1 
446 10 314 587 438 481 -1 -1 -1 -1 
447 8 884 755 323 321 -1 -1 -1 -1 
447 10 315 571 436 499 -1 -1 -1 -1 
448 8 843 776 372 303 -1 -1 -1 -1 
448 10 313 567 444 499 -1 -1 -1 -1 
448 11 1238 743 320 332 -1 -1 -1 -1 
449 8 830 787 404 292 -1 -1 -1 -1 
449 10 312 572 451 494 -1 -1 -1 -1 
449 11 1251 761 310 314 -1 -1 -1 -1 
450 8 841 808 366 271 -1 -1 -1 -1 
450 10 300 644 484 426 -1 -1 -1 -1 
450 11 1264 772 300 301 -1 -1 -1 -1 
451 8 843 824 365 255 -1 -1 -1 -1 
451 10 323 677 441 399 -1 -1 -1 -1 
451 11 1247 781 314 293 -1 -1 -1 -1 
452 8 846 836 366 243 -1 -1 -1 -1 
452 10 323 705 441 371 -1 -1 -1 -1 
452 11 1249 800 311 275 -1 -1 -1 -1 
453 8 850 848 360 231 -1 -1 -1 -1 
453 10 325 715 438 364 -1 -1 -1 -1 
453 11 1241 792 318 286 -1 -1 -1 -1 
454 8 862 862 335 217 -1 -1 -1 -1 
454 10 322 738 446 339 -1 -1 -1 -1 
454 11 1240 803 328 274 -1 -1 -1 -1 
455 8 853 882 355 197 -1 -1 -1 -1 
455 10 328 728 426 351 -1 -1 -1 -1 
455 11 1251 834 314 242 -1 -1 -1 -1 
456 8 852 892 376 187 -1 -1 -1 -1 
456 10 321 733 439 346 -1 -1 -1 -1 
457 8 858 909 356 170 -1 -1 -1 -1 
458 10 332 753 425 326 -1 -1 -1 -1 
459 10 318 766 448 313 -1 -1 -1 -1 
460 10 318 771 436 308 -1 -1 -1 -1 
461 10 313 779 445 300 -1 -1 -1 -1 
462 10 312 785 445 294 -1 -1 -1 -1 
463 10 304 791 452 288 -1 -1 -1 -1 
537 13 695 0 369 182 -1 -1 -1 -1 
538 13 703 0 366 197 -1 -1 -1 -1 
539 13 690 0 388 208 -1 -1 -1 -1 
540 13 679 1 402 219 -1 -1 -1 -1 
541 13 670 0 409 237 -1 -1 -1 -1 
542 13 674 0 404 253 -1 -1 -1 -1 
543 13 669 0 411 269 -1 -1 -1 -1 
544 13 671 0 410 284 -1 -1 -1 -1 
545 13 643 0 449 293 -1 -1 -1 -1 
546 13 647 0 446 312 -1 -1 -1 -1 
547 13 616 2 478 328 -1 -1 -1 -1 
548 13 632 1 454 349 -1 -1 -1 -1 
549 13 626 1 458 364 -1 -1 -1 -1 
550 13 635 1 442 382 -1 -1 -1 -1 
551 13 615 3 469 397 -1 -1 -1 -1 
552 13 598 4 480 411 -1 -1 -1 -1 
553 13 597 7 469 424 -1 -1 -1 -1 
554 13 590 6 476 442 -1 -1 -1 -1 
555 13 578 8 483 457 -1 -1 -1 -1 
556 13 583 11 473 476 -1 -1 -1 -1 
557 13 583 15 476 489 -1 -1 -1 -1 
558 13 583 20 477 505 -1 -1 -1 -1 
559 13 574 26 486 515 -1 -1 -1 -1 
560 13 565 35 494 525 -1 -1 -1 -1 
561 13 567 48 492 533 -1 -1 -1 -1 
562 13 567 61 495 538 -1 -1 -1 -1 
563 13 563 78 497 543 -1 -1 -1 -1 
564 13 562 92 498 542 -1 -1 -1 -1 
565 13 560 105 498 544 -1 -1 -1 -1 
566 13 557 120 499 550 -1 -1 -1 -1 
567 13 551 135 508 556 -1 -1 -1 -1 
568 13 546 151 513 562 -1 -1 -1 -1 
569 13 548 166 509 566 -1 -1 -1 -1 
570 13 543 182 514 563 -1 -1 -1 -1 
571 13 546 197 509 562 -1 -1 -1 -1 
572 13 548 209 504 563 -1 -1 -1 -1 
573 13 547 227 507 563 -1 -1 -1 -1 
574 13 549 245 505 566 -1 -1 -1 -1 
575 13 543 262 508 564 -1 -1 -1 -1 
576 13 543 276 505 565 -1 -1 -1 -1 
577 13 544 293 499 563 -1 -1 -1 -1 
578 13 545 313 498 560 -1 -1 -1 -1 
579 13 540 334 504 556 -1 -1 -1 -1 
580 13 544 350 499 561 -1 -1 -1 -1 
581 13 534 365 508 556 -1 -1 -1 -1 
582 13 528 383 512 547 -1 -1 -1 -1 
583 13 536 397 498 549 -1 -1 -1 -1 
584 13 528 418 504 543 -1 -1 -1 -1 
585 13 529 435 503 543 -1 -1 -1 -1 
586 13 525 452 499 546 -1 -1 -1 -1 
587 13 525 466 497 546 -1 -1 -1 -1 
588 13 519 480 504 546 -1 -1 -1 -1 
589 13 515 497 501 540 -1 -1 -1 -1 
590 13 517 515 498 533 -1 -1 -1 -1 
591 13 515 530 502 526 -1 -1 -1 -1 
592 13 508 546 508 516 -1 -1 -1 -1 
593 13 510 559 499 500 -1 -1 -1 -1 
594 13 507 571 503 488 -1 -1 -1 -1 
595 13 504 587 509 479 -1 -1 -1 -1 
596 13 509 606 504 465 -1 -1 -1 -1 
597 13 512 617 495 456 -1 -1 -1 -1 
598 13 463 634 559 441 -1 -1 -1 -1 
599 13 404 648 624 430 -1 -1 -1 -1 
600 13 387 665 619 413 -1 -1 -1 -1 
601 13 389 679 602 400 -1 -1 -1 -1 
602 13 407 695 600 384 -1 -1 -1 -1 
603 13 463 711 531 368 -1 -1 -1 -1 
604 13 458 725 533 354 -1 -1 -1 -1 
605 13 424 742 564 337 -1 -1 -1 -1 
606 13 445 755 520 319 -1 -1 -1 -1 
607 13 484 769 469 308 -1 -1 -1 -1 
608 13 420 784 563 294 -1 -1 -1 -1 
609 13 447 800 537 279 -1 -1 -1 -1 
610 13 456 816 511 263 -1 -1 -1 -1 
773 15 1073 0 464 195 -1 -1 -1 -1 
774 15 1070 1 469 202 -1 -1 -1 -1 
775 15 1069 1 470 214 -1 -1 -1 -1 
776 15 1067 2 470 225 -1 -1 -1 -1 
777 15 1068 1 464 238 -1 -1 -1 -1 
778 15 1069 1 464 248 -1 -1 -1 -1 
779 15 1066 3 465 260 -1 -1 -1 -1 
780 15 1067 3 462 276 -1 -1 -1 -1 
781 15 1069 4 461 291 -1 -1 -1 -1 
782 15 1073 6 455 302 -1 -1 -1 -1 
783 15 1071 6 456 316 -1 -1 -1 -1 
784 15 1075 5 449 330 -1 -1 -1 -1 
785 15 1078 6 446 342 -1 -1 -1 -1 
786 15 1072 9 457 352 -1 -1 -1 -1 
787 15 1064 14 467 364 -1 -1 -1 -1 
788 15 1062 20 472 373 -1 -1 -1 -1 
789 15 1060 28 476 381 -1 -1 -1 -1 
790 15 1062 40 474 385 -1 -1 -1 -1 
791 15 1061 55 481 382 -1 -1 -1 -1 
792 15 1058 71 487 377 -1 -1 -1 -1 
793 15 1063 81 474 377 -1 -1 -1 -1 
794 15 1056 97 484 378 -1 -1 -1 -1 
795 15 1050 115 493 380 -1 -1 -1 -1 
796 15 1047 126 497 385 -1 -1 -1 -1 
797 15 1056 135 482 392 -1 -1 -1 -1 
798 15 1061 149 477 393 -1 -1 -1 -1 
799 15 1061 162 478 391 -1 -1 -1 -1 
800 15 1074 173 467 396 -1 -1 -1 -1 
801 15 1068 185 477 400 -1 -1 -1 -1 
802 15 1062 199 487 403 -1 -1 -1 -1 
803 15 1052 219 501 399 -1 -1 -1 -1 
804 15 1051 237 501 395 -1 -1 -1 -1 
805 15 1049 250 499 393 -1 -1 -1 -1 
806 15 1052 265 495 394 -1 -1 -1 -1 
807 15 1051 282 497 394 -1 -1 -1 -1 
808 15 1044 297 505 398 -1 -1 -1 -1 
809 15 1039 314 508 398 -1 -1 -1 -1 
810 15 1035 330 511 398 -1 -1 -1 -1 
811 15 1033 346 515 391 -1 -1 -1 -1 
812 15 1046 363 491 386 -1 -1 -1 -1 
813 15 1046 375 496 390 -1 -1 -1 -1 
814 15 1031 392 515 387 -1 -1 -1 -1 
815 15 1039 408 499 388 -1 -1 -1 -1 
816 15 1040 421 494 392 -1 -1 -1 -1 
817 15 1034 439 500 388 -1 -1 -1 -1 
818 15 1045 456 479 385 -1 -1 -1 -1 
819 15 1056 469 463 381 -1 -1 -1 -1 
820 15 1039 485 481 381 -1 -1 -1 -1 
821 15 1029 503 489 381 -1 -1 -1 -1 
822 15 1025 518 489 378 -1 -1 -1 -1 
823 15 1016 535 511 378 -1 -1 -1 -1 
824 15 1018 552 509 375 -1 -1 -1 -1 
825 15 1018 567 497 369 -1 -1 -1 -1 
826 15 1025 580 486 369 -1 -1 -1 -1 
827 15 1015 598 507 373 -1 -1 -1 -1 
828 15 1020 614 485 371 -1 -1 -1 -1 
829 15 1016 628 492 367 -1 -1 -1 -1 
830 15 1008 647 507 362 -1 -1 -1 -1 
831 15 1008 667 498 356 -1 -1 -1 -1 
832 15 1001 680 510 359 -1 -1 -1 -1 
833 15 1001 698 507 352 -1 -1 -1 -1 
834 15 991 716 516 350 -1 -1 -1 -1 
835 15 999 731 498 346 -1 -1 -1 -1 
836 15 997 749 500 330 -1 -1 -1 -1 
837 15 983 769 515 310 -1 -1 -1 -1 
838 15 984 784 501 295 -1 -1 -1 -1 
839 15 986 795 499 284 -1 -1 -1 -1 
840 15 988 811 496 268 -1 -1 -1 -1 
841 15 984 823 493 256 -1 -1 -1 -1 
842 15 982 839 492 240 -1 -1 -1 -1 
843 15 972 859 519 220 -1 -1 -1 -1 
844 15 977 875 504 204 -1 -1 -1 -1 
845 15 977 889 501 190 -1 -1 -1 -1 
846 15 969 902 516 177 -1 -1 -1 -1 
847 15 971 915 511 164 -1 -1 -1 -1 
848 15 972 927 508 152 -1 -1 -1 -1 
