230 1 587 4 431 159 -1 -1 -1 -1 
231 1 584 5 435 174 -1 -1 -1 -1 
232 1 576 7 449 186 -1 -1 -1 -1 
233 1 570 8 460 197 -1 -1 -1 -1 
234 1 568 9 463 210 -1 -1 -1 -1 
235 1 565 10 467 224 -1 -1 -1 -1 
236 1 561 9 470 241 -1 -1 -1 -1 
237 1 558 8 471 258 -1 -1 -1 -1 
238 1 556 6 471 276 -1 -1 -1 -1 
239 1 553 5 475 290 -1 -1 -1 -1 
240 1 549 5 481 301 -1 -1 -1 -1 
241 1 543 5 488 311 -1 -1 -1 -1 
242 1 543 7 487 328 -1 -1 -1 -1 
243 1 539 8 489 344 -1 -1 -1 -1 
244 1 533 8 494 360 -1 -1 -1 -1 
245 1 530 6 496 376 -1 -1 -1 -1 
246 1 527 6 500 390 -1 -1 -1 -1 
247 1 523 7 503 405 -1 -1 -1 -1 
248 1 522 9 504 417 -1 -1 -1 -1 
249 1 522 13 496 431 -1 -1 -1 -1 
250 1 516 15 505 445 -1 -1 -1 -1 
251 1 512 17 508 457 -1 -1 -1 -1 
252 1 513 23 505 469 -1 -1 -1 -1 
253 1 510 33 506 472 -1 -1 -1 -1 
254 1 502 47 518 468 -1 -1 -1 -1 
255 1 499 62 521 467 -1 -1 -1 -1 
256 1 497 79 518 467 -1 -1 -1 -1 
257 1 496 95 513 470 -1 -1 -1 -1 
258 1 494 114 517 467 -1 -1 -1 -1 
259 1 495 127 513 469 -1 -1 -1 -1 
260 1 492 142 520 468 -1 -1 -1 -1 
261 1 494 156 513 471 -1 -1 -1 -1 
262 1 491 170 511 478 -1 -1 -1 -1 
263 1 485 188 513 478 -1 -1 -1 -1 
264 1 484 209 518 469 -1 -1 -1 -1 
265 1 486 225 513 467 -1 -1 -1 -1 
266 1 486 236 510 473 -1 -1 -1 -1 
267 1 485 251 512 477 -1 -1 -1 -1 
268 1 485 263 507 491 -1 -1 -1 -1 
268 2 622 6 393 172 -1 -1 -1 -1 
269 1 478 280 513 495 -1 -1 -1 -1 
269 2 608 5 437 185 -1 -1 -1 -1 
270 1 475 302 521 487 -1 -1 -1 -1 
270 2 569 5 484 197 -1 -1 -1 -1 
271 1 476 318 520 486 -1 -1 -1 -1 
271 2 603 6 447 210 -1 -1 -1 -1 
272 1 474 333 519 483 -1 -1 -1 -1 
272 2 611 4 430 230 -1 -1 -1 -1 
273 1 472 352 519 477 -1 -1 -1 -1 
273 2 601 3 447 245 -1 -1 -1 -1 
274 1 474 369 509 477 -1 -1 -1 -1 
274 2 579 2 467 260 -1 -1 -1 -1 
274 3 1106 6 293 160 -1 -1 -1 -1 
275 1 472 383 509 482 -1 -1 -1 -1 
275 2 575 1 466 276 -1 -1 -1 -1 
275 3 1099 6 298 171 -1 -1 -1 -1 
276 1 466 404 521 472 -1 -1 -1 -1 
276 2 579 1 465 292 -1 -1 -1 -1 
276 3 1088 7 349 183 -1 -1 -1 -1 
277 1 465 424 522 466 -1 -1 -1 -1 
277 2 576 1 469 301 -1 -1 -1 -1 
277 3 1097 8 323 192 -1 -1 -1 -1 
278 1 466 440 513 464 -1 -1 -1 -1 
278 2 571 1 469 310 -1 -1 -1 -1 
279 1 466 458 506 463 -1 -1 -1 -1 
279 2 575 4 458 328 -1 -1 -1 -1 
280 1 462 479 510 460 -1 -1 -1 -1 
280 2 563 5 478 342 -1 -1 -1 -1 
281 1 462 500 513 454 -1 -1 -1 -1 
281 2 561 5 477 358 -1 -1 -1 -1 
282 1 461 518 515 451 -1 -1 -1 -1 
282 2 558 4 475 375 -1 -1 -1 -1 
283 1 460 536 514 446 -1 -1 -1 -1 
283 2 548 3 490 389 -1 -1 -1 -1 
284 1 464 549 508 452 -1 -1 -1 -1 
284 2 536 4 498 404 -1 -1 -1 -1 
285 1 462 570 512 447 -1 -1 -1 -1 
285 2 534 4 491 419 -1 -1 -1 -1 
286 1 463 590 506 440 -1 -1 -1 -1 
286 2 528 4 502 432 -1 -1 -1 -1 
287 1 462 608 508 438 -1 -1 -1 -1 
287 2 526 6 508 446 -1 -1 -1 -1 
288 1 463 625 507 431 -1 -1 -1 -1 
288 2 521 7 509 463 -1 -1 -1 -1 
289 1 463 636 503 431 -1 -1 -1 -1 
289 2 520 9 517 475 -1 -1 -1 -1 
290 1 464 647 497 430 -1 -1 -1 -1 
290 2 516 13 528 481 -1 -1 -1 -1 
291 1 462 666 499 413 -1 -1 -1 -1 
291 2 509 15 533 489 -1 -1 -1 -1 
292 1 461 686 494 393 -1 -1 -1 -1 
292 2 504 14 530 507 -1 -1 -1 -1 
292 4 1372 5 239 165 -1 -1 -1 -1 
293 1 462 703 488 376 -1 -1 -1 -1 
293 2 501 14 524 524 -1 -1 -1 -1 
293 4 1366 5 254 175 -1 -1 -1 -1 
294 1 465 717 477 362 -1 -1 -1 -1 
294 2 491 14 534 546 -1 -1 -1 -1 
294 4 1360 2 273 190 -1 -1 -1 -1 
295 1 464 733 469 346 -1 -1 -1 -1 
295 2 490 18 533 560 -1 -1 -1 -1 
295 4 1355 0 282 203 -1 -1 -1 -1 
296 1 460 752 477 327 -1 -1 -1 -1 
296 2 480 22 545 577 -1 -1 -1 -1 
296 4 1353 0 282 223 -1 -1 -1 -1 
296 5 925 3 373 204 -1 -1 -1 -1 
297 1 457 772 489 307 -1 -1 -1 -1 
297 2 472 22 554 601 -1 -1 -1 -1 
297 4 1358 0 280 235 -1 -1 -1 -1 
297 5 937 3 355 227 -1 -1 -1 -1 
298 1 464 788 479 291 -1 -1 -1 -1 
298 2 458 22 571 620 -1 -1 -1 -1 
298 4 1359 0 281 247 -1 -1 -1 -1 
298 5 880 1 436 250 -1 -1 -1 -1 
299 1 469 805 452 274 -1 -1 -1 -1 
299 2 456 24 564 638 -1 -1 -1 -1 
299 4 1359 0 284 263 -1 -1 -1 -1 
299 5 831 1 480 259 -1 -1 -1 -1 
300 1 466 819 461 260 -1 -1 -1 -1 
300 2 447 32 586 647 -1 -1 -1 -1 
300 4 1357 1 290 276 -1 -1 -1 -1 
300 5 833 1 466 278 -1 -1 -1 -1 
301 1 467 829 424 250 -1 -1 -1 -1 
301 2 444 40 590 656 -1 -1 -1 -1 
301 4 1362 3 289 281 -1 -1 -1 -1 
301 5 819 3 492 279 -1 -1 -1 -1 
302 1 445 855 489 224 -1 -1 -1 -1 
302 2 435 55 600 662 -1 -1 -1 -1 
302 4 1356 3 302 289 -1 -1 -1 -1 
302 5 840 3 461 306 -1 -1 -1 -1 
303 1 457 877 468 202 -1 -1 -1 -1 
303 2 433 77 599 658 -1 -1 -1 -1 
303 4 1359 2 296 309 -1 -1 -1 -1 
303 5 833 4 472 319 -1 -1 -1 -1 
304 1 462 893 450 186 -1 -1 -1 -1 
304 2 426 97 603 655 -1 -1 -1 -1 
304 4 1360 3 295 324 -1 -1 -1 -1 
304 5 824 6 485 332 -1 -1 -1 -1 
305 1 477 903 375 176 -1 -1 -1 -1 
305 2 434 114 595 651 -1 -1 -1 -1 
305 4 1358 5 306 332 -1 -1 -1 -1 
305 5 838 6 461 362 -1 -1 -1 -1 
306 1 462 918 434 161 -1 -1 -1 -1 
306 2 432 133 595 647 -1 -1 -1 -1 
306 4 1357 6 309 347 -1 -1 -1 -1 
306 5 823 7 485 369 -1 -1 -1 -1 
307 1 467 924 414 155 -1 -1 -1 -1 
307 2 434 151 584 647 -1 -1 -1 -1 
307 4 1359 9 308 364 -1 -1 -1 -1 
307 5 815 8 497 372 -1 -1 -1 -1 
308 1 476 939 391 140 -1 -1 -1 -1 
308 2 434 170 580 648 -1 -1 -1 -1 
308 4 1355 8 312 372 -1 -1 -1 -1 
308 5 812 8 499 388 -1 -1 -1 -1 
309 2 429 182 581 657 -1 -1 -1 -1 
309 4 1354 7 312 386 -1 -1 -1 -1 
309 5 824 9 482 413 -1 -1 -1 -1 
310 2 415 196 596 663 -1 -1 -1 -1 
310 4 1353 9 314 402 -1 -1 -1 -1 
310 5 813 10 493 437 -1 -1 -1 -1 
310 6 410 7 408 176 -1 -1 -1 -1 
311 2 421 218 588 656 -1 -1 -1 -1 
311 4 1351 12 323 414 -1 -1 -1 -1 
311 5 829 12 479 462 -1 -1 -1 -1 
311 6 392 9 427 189 -1 -1 -1 -1 
312 2 413 233 595 658 -1 -1 -1 -1 
312 4 1351 14 326 425 -1 -1 -1 -1 
312 5 786 11 541 465 -1 -1 -1 -1 
312 6 381 10 416 199 -1 -1 -1 -1 
313 2 411 254 593 653 -1 -1 -1 -1 
313 4 1352 15 325 444 -1 -1 -1 -1 
313 5 804 13 494 493 -1 -1 -1 -1 
313 6 376 8 411 224 -1 -1 -1 -1 
314 2 417 272 577 655 -1 -1 -1 -1 
314 4 1338 12 340 463 -1 -1 -1 -1 
314 5 793 16 505 509 -1 -1 -1 -1 
314 6 371 5 417 247 -1 -1 -1 -1 
315 2 413 282 580 669 -1 -1 -1 -1 
315 4 1340 11 336 476 -1 -1 -1 -1 
315 5 792 18 505 525 -1 -1 -1 -1 
315 6 363 3 429 267 -1 -1 -1 -1 
316 2 414 294 578 676 -1 -1 -1 -1 
316 4 1336 10 342 492 -1 -1 -1 -1 
316 5 788 19 509 538 -1 -1 -1 -1 
316 6 363 1 422 280 -1 -1 -1 -1 
317 2 407 314 593 667 -1 -1 -1 -1 
317 4 1333 11 347 503 -1 -1 -1 -1 
317 5 781 18 516 552 -1 -1 -1 -1 
317 6 352 1 418 295 -1 -1 -1 -1 
318 2 406 334 592 669 -1 -1 -1 -1 
318 4 1337 10 343 524 -1 -1 -1 -1 
318 5 776 21 518 570 -1 -1 -1 -1 
318 6 347 2 407 311 -1 -1 -1 -1 
319 2 405 357 590 665 -1 -1 -1 -1 
319 4 1331 8 354 542 -1 -1 -1 -1 
319 5 770 26 522 577 -1 -1 -1 -1 
319 6 341 3 414 329 -1 -1 -1 -1 
320 2 407 371 587 675 -1 -1 -1 -1 
320 4 1334 10 349 558 -1 -1 -1 -1 
320 5 769 26 520 600 -1 -1 -1 -1 
320 6 338 3 417 347 -1 -1 -1 -1 
321 2 403 386 593 676 -1 -1 -1 -1 
321 4 1337 12 344 572 -1 -1 -1 -1 
321 5 766 24 524 625 -1 -1 -1 -1 
321 6 336 4 419 363 -1 -1 -1 -1 
322 2 400 398 592 674 -1 -1 -1 -1 
322 4 1335 17 349 583 -1 -1 -1 -1 
322 5 764 24 525 648 -1 -1 -1 -1 
322 6 329 6 422 374 -1 -1 -1 -1 
323 2 410 416 583 660 -1 -1 -1 -1 
323 4 1332 22 353 595 -1 -1 -1 -1 
323 5 752 29 545 667 -1 -1 -1 -1 
323 6 325 4 416 393 -1 -1 -1 -1 
324 2 407 435 585 642 -1 -1 -1 -1 
324 4 1326 31 360 601 -1 -1 -1 -1 
324 5 745 35 557 677 -1 -1 -1 -1 
324 6 318 4 424 408 -1 -1 -1 -1 
325 2 406 453 584 626 -1 -1 -1 -1 
325 4 1330 45 353 611 -1 -1 -1 -1 
325 5 741 44 556 694 -1 -1 -1 -1 
325 6 315 4 422 423 -1 -1 -1 -1 
326 2 406 476 578 603 -1 -1 -1 -1 
326 4 1328 64 359 608 -1 -1 -1 -1 
326 5 736 54 558 711 -1 -1 -1 -1 
326 6 315 8 406 445 -1 -1 -1 -1 
327 2 398 488 577 591 -1 -1 -1 -1 
327 4 1319 83 371 602 -1 -1 -1 -1 
327 5 737 69 557 727 -1 -1 -1 -1 
327 6 305 9 420 459 -1 -1 -1 -1 
328 2 396 504 571 575 -1 -1 -1 -1 
328 4 1321 98 368 604 -1 -1 -1 -1 
328 5 733 83 562 726 -1 -1 -1 -1 
328 6 302 11 421 474 -1 -1 -1 -1 
329 2 395 524 566 555 -1 -1 -1 -1 
329 4 1320 116 367 603 -1 -1 -1 -1 
329 5 732 99 565 724 -1 -1 -1 -1 
329 6 295 17 438 482 -1 -1 -1 -1 
330 2 390 536 562 543 -1 -1 -1 -1 
330 4 1315 129 373 609 -1 -1 -1 -1 
330 5 726 115 566 727 -1 -1 -1 -1 
330 6 296 21 426 493 -1 -1 -1 -1 
331 2 390 550 551 529 -1 -1 -1 -1 
331 4 1316 149 373 609 -1 -1 -1 -1 
331 5 726 129 569 731 -1 -1 -1 -1 
331 6 292 24 430 507 -1 -1 -1 -1 
332 2 386 565 547 514 -1 -1 -1 -1 
332 4 1319 162 367 611 -1 -1 -1 -1 
332 5 715 141 582 741 -1 -1 -1 -1 
332 6 290 27 425 519 -1 -1 -1 -1 
333 2 395 580 530 499 -1 -1 -1 -1 
333 4 1315 178 372 609 -1 -1 -1 -1 
333 5 715 154 577 753 -1 -1 -1 -1 
333 6 286 31 432 530 -1 -1 -1 -1 
334 2 392 604 543 475 -1 -1 -1 -1 
334 4 1312 193 374 610 -1 -1 -1 -1 
334 5 709 175 587 741 -1 -1 -1 -1 
334 6 283 37 431 549 -1 -1 -1 -1 
335 2 389 626 543 452 -1 -1 -1 -1 
335 4 1313 204 370 618 -1 -1 -1 -1 
335 5 706 190 584 742 -1 -1 -1 -1 
335 6 275 58 442 547 -1 -1 -1 -1 
336 2 394 647 532 430 -1 -1 -1 -1 
336 4 1318 219 362 621 -1 -1 -1 -1 
336 5 704 205 585 746 -1 -1 -1 -1 
336 6 274 76 439 552 -1 -1 -1 -1 
337 2 391 664 523 413 -1 -1 -1 -1 
337 4 1321 239 360 621 -1 -1 -1 -1 
337 5 703 222 579 748 -1 -1 -1 -1 
337 6 269 95 445 548 -1 -1 -1 -1 
338 2 397 677 441 399 -1 -1 -1 -1 
338 4 1320 259 362 619 -1 -1 -1 -1 
338 5 700 237 581 759 -1 -1 -1 -1 
338 6 264 111 445 548 -1 -1 -1 -1 
339 2 397 695 428 383 -1 -1 -1 -1 
339 4 1311 276 374 621 -1 -1 -1 -1 
339 5 702 254 581 761 -1 -1 -1 -1 
340 4 1310 289 371 627 -1 -1 -1 -1 
340 5 704 271 570 752 -1 -1 -1 -1 
340 6 261 142 441 497 -1 -1 -1 -1 
341 4 1305 304 373 627 -1 -1 -1 -1 
341 5 700 286 573 754 -1 -1 -1 -1 
341 6 256 157 443 486 -1 -1 -1 -1 
342 4 1302 318 374 632 -1 -1 -1 -1 
342 5 700 297 571 754 -1 -1 -1 -1 
342 6 255 171 438 486 -1 -1 -1 -1 
343 4 1307 337 365 631 -1 -1 -1 -1 
343 5 697 311 568 754 -1 -1 -1 -1 
343 6 253 190 437 483 -1 -1 -1 -1 
343 7 383 661 337 417 -1 -1 -1 -1 
344 4 1304 355 367 626 -1 -1 -1 -1 
344 5 696 325 576 747 -1 -1 -1 -1 
344 6 253 205 435 475 -1 -1 -1 -1 
344 7 378 659 337 419 -1 -1 -1 -1 
345 4 1301 374 368 620 -1 -1 -1 -1 
345 5 693 340 579 736 -1 -1 -1 -1 
345 6 255 214 431 482 -1 -1 -1 -1 
345 7 373 674 332 405 -1 -1 -1 -1 
346 4 1304 385 361 627 -1 -1 -1 -1 
346 5 693 358 574 721 -1 -1 -1 -1 
346 6 252 228 431 483 -1 -1 -1 -1 
346 7 376 700 324 379 -1 -1 -1 -1 
347 4 1299 402 366 625 -1 -1 -1 -1 
347 5 699 370 561 709 -1 -1 -1 -1 
347 6 250 239 431 494 -1 -1 -1 -1 
347 7 378 734 323 345 -1 -1 -1 -1 
348 4 1294 418 369 619 -1 -1 -1 -1 
348 5 701 386 557 691 -1 -1 -1 -1 
348 6 244 256 437 486 -1 -1 -1 -1 
348 7 384 718 306 361 -1 -1 -1 -1 
349 4 1299 435 359 612 -1 -1 -1 -1 
349 5 704 403 550 667 -1 -1 -1 -1 
349 6 245 273 430 488 -1 -1 -1 -1 
349 7 384 719 315 360 -1 -1 -1 -1 
350 4 1294 454 364 604 -1 -1 -1 -1 
350 5 703 423 544 648 -1 -1 -1 -1 
350 6 241 283 434 490 -1 -1 -1 -1 
350 7 383 727 311 352 -1 -1 -1 -1 
351 4 1292 470 362 598 -1 -1 -1 -1 
351 5 701 440 551 631 -1 -1 -1 -1 
351 6 241 297 431 491 -1 -1 -1 -1 
351 7 381 759 321 320 -1 -1 -1 -1 
352 4 1291 492 361 584 -1 -1 -1 -1 
352 5 698 459 554 610 -1 -1 -1 -1 
352 6 238 315 436 483 -1 -1 -1 -1 
352 7 383 784 317 295 -1 -1 -1 -1 
353 4 1283 507 368 572 -1 -1 -1 -1 
353 5 698 475 542 597 -1 -1 -1 -1 
353 6 237 337 436 475 -1 -1 -1 -1 
353 7 390 803 297 276 -1 -1 -1 -1 
354 4 1285 520 360 559 -1 -1 -1 -1 
354 5 691 487 545 587 -1 -1 -1 -1 
354 6 240 362 426 479 -1 -1 -1 -1 
355 4 1278 534 364 545 -1 -1 -1 -1 
355 5 690 509 547 568 -1 -1 -1 -1 
355 6 235 381 431 481 -1 -1 -1 -1 
356 4 1270 551 370 528 -1 -1 -1 -1 
356 5 695 521 527 558 -1 -1 -1 -1 
356 6 236 392 431 491 -1 -1 -1 -1 
357 4 1276 562 357 517 -1 -1 -1 -1 
357 5 698 533 529 546 -1 -1 -1 -1 
357 6 244 387 421 579 -1 -1 -1 -1 
358 4 1279 584 354 495 -1 -1 -1 -1 
358 5 697 549 536 530 -1 -1 -1 -1 
358 6 232 406 449 608 -1 -1 -1 -1 
359 4 1278 603 352 476 -1 -1 -1 -1 
359 5 696 563 511 516 -1 -1 -1 -1 
359 6 232 425 451 626 -1 -1 -1 -1 
360 4 1280 616 343 463 -1 -1 -1 -1 
360 5 687 582 531 497 -1 -1 -1 -1 
360 6 227 440 465 628 -1 -1 -1 -1 
361 4 1261 633 356 446 -1 -1 -1 -1 
361 5 692 598 506 481 -1 -1 -1 -1 
361 6 227 472 462 604 -1 -1 -1 -1 
362 4 1257 646 351 432 -1 -1 -1 -1 
362 5 687 612 521 467 -1 -1 -1 -1 
362 6 228 486 455 593 -1 -1 -1 -1 
363 4 1251 658 350 420 -1 -1 -1 -1 
363 5 695 630 507 449 -1 -1 -1 -1 
363 6 226 513 463 566 -1 -1 -1 -1 
364 4 1240 677 361 402 -1 -1 -1 -1 
364 5 701 645 486 433 -1 -1 -1 -1 
364 6 232 536 453 543 -1 -1 -1 -1 
365 4 1238 692 356 387 -1 -1 -1 -1 
365 5 712 658 470 419 -1 -1 -1 -1 
365 6 234 543 456 535 -1 -1 -1 -1 
366 4 1235 704 354 375 -1 -1 -1 -1 
366 5 699 676 484 403 -1 -1 -1 -1 
366 6 238 552 443 526 -1 -1 -1 -1 
367 4 1235 716 349 363 -1 -1 -1 -1 
367 5 707 697 467 382 -1 -1 -1 -1 
367 6 231 574 460 505 -1 -1 -1 -1 
367 8 1046 3 426 148 -1 -1 -1 -1 
368 4 1237 729 344 350 -1 -1 -1 -1 
368 5 708 713 471 366 -1 -1 -1 -1 
368 6 234 592 456 486 -1 -1 -1 -1 
368 8 1040 5 435 160 -1 -1 -1 -1 
369 4 1234 742 344 337 -1 -1 -1 -1 
369 5 703 725 472 354 -1 -1 -1 -1 
369 6 242 594 430 485 -1 -1 -1 -1 
369 8 1046 5 425 173 -1 -1 -1 -1 
370 4 1224 761 358 318 -1 -1 -1 -1 
370 5 711 739 453 340 -1 -1 -1 -1 
370 6 238 613 441 466 -1 -1 -1 -1 
370 8 1049 6 425 184 -1 -1 -1 -1 
371 4 1222 778 351 301 -1 -1 -1 -1 
371 5 694 759 463 320 -1 -1 -1 -1 
371 6 246 614 423 465 -1 -1 -1 -1 
371 8 1047 8 438 193 -1 -1 -1 -1 
372 4 1224 793 343 286 -1 -1 -1 -1 
372 5 696 776 458 303 -1 -1 -1 -1 
372 6 241 643 432 436 -1 -1 -1 -1 
372 8 1042 9 447 202 -1 -1 -1 -1 
373 4 1231 806 331 273 -1 -1 -1 -1 
373 5 701 791 453 288 -1 -1 -1 -1 
373 6 243 655 428 424 -1 -1 -1 -1 
373 8 1044 9 441 216 -1 -1 -1 -1 
374 4 1228 820 332 259 -1 -1 -1 -1 
374 5 701 809 459 270 -1 -1 -1 -1 
374 6 245 671 424 408 -1 -1 -1 -1 
375 4 1222 833 337 246 -1 -1 -1 -1 
375 5 701 824 459 255 -1 -1 -1 -1 
375 8 1036 6 442 253 -1 -1 -1 -1 
376 4 1212 846 344 233 -1 -1 -1 -1 
376 5 692 836 445 243 -1 -1 -1 -1 
376 8 1028 5 455 266 -1 -1 -1 -1 
377 4 1198 866 360 213 -1 -1 -1 -1 
377 5 698 851 427 228 -1 -1 -1 -1 
378 4 1241 876 296 203 -1 -1 -1 -1 
378 8 1016 1 473 292 -1 -1 -1 -1 
379 4 1252 886 286 193 -1 -1 -1 -1 
379 8 1017 0 474 303 -1 -1 -1 -1 
380 4 1257 900 273 179 -1 -1 -1 -1 
381 8 1016 4 499 324 -1 -1 -1 -1 
382 8 1009 4 509 339 -1 -1 -1 -1 
383 8 1006 4 508 351 -1 -1 -1 -1 
384 8 995 3 532 362 -1 -1 -1 -1 
385 8 996 1 530 376 -1 -1 -1 -1 
385 9 468 6 326 168 -1 -1 -1 -1 
386 8 990 0 539 391 -1 -1 -1 -1 
386 9 459 6 336 176 -1 -1 -1 -1 
387 8 985 0 541 405 -1 -1 -1 -1 
387 9 456 5 349 193 -1 -1 -1 -1 
388 8 976 0 559 418 -1 -1 -1 -1 
388 9 449 5 362 206 -1 -1 -1 -1 
389 8 975 0 563 431 -1 -1 -1 -1 
389 9 450 6 359 215 -1 -1 -1 -1 
390 8 973 0 574 446 -1 -1 -1 -1 
390 9 446 4 356 239 -1 -1 -1 -1 
391 8 971 0 576 460 -1 -1 -1 -1 
391 9 425 3 384 257 -1 -1 -1 -1 
392 8 971 0 575 474 -1 -1 -1 -1 
392 9 407 3 406 270 -1 -1 -1 -1 
393 8 967 1 581 489 -1 -1 -1 -1 
393 9 416 2 386 287 -1 -1 -1 -1 
394 8 977 9 566 492 -1 -1 -1 -1 
394 9 422 3 375 304 -1 -1 -1 -1 
395 8 966 9 585 502 -1 -1 -1 -1 
395 9 415 4 387 314 -1 -1 -1 -1 
396 8 957 8 607 517 -1 -1 -1 -1 
396 9 412 6 389 322 -1 -1 -1 -1 
397 8 951 7 620 530 -1 -1 -1 -1 
397 9 412 7 383 337 -1 -1 -1 -1 
398 8 946 7 632 543 -1 -1 -1 -1 
398 9 404 7 396 350 -1 -1 -1 -1 
399 8 943 5 641 557 -1 -1 -1 -1 
399 9 393 8 408 360 -1 -1 -1 -1 
400 8 946 9 635 570 -1 -1 -1 -1 
400 9 385 7 411 375 -1 -1 -1 -1 
401 8 938 13 654 584 -1 -1 -1 -1 
401 9 371 5 426 393 -1 -1 -1 -1 
402 8 929 11 666 606 -1 -1 -1 -1 
402 9 367 5 431 405 -1 -1 -1 -1 
403 8 925 9 666 629 -1 -1 -1 -1 
403 9 364 7 429 413 -1 -1 -1 -1 
404 8 921 10 671 647 -1 -1 -1 -1 
404 9 365 8 431 428 -1 -1 -1 -1 
405 8 910 10 685 662 -1 -1 -1 -1 
405 9 362 10 432 441 -1 -1 -1 -1 
406 8 916 15 677 672 -1 -1 -1 -1 
406 9 340 10 455 446 -1 -1 -1 -1 
407 8 908 19 692 683 -1 -1 -1 -1 
407 9 353 10 432 469 -1 -1 -1 -1 
408 8 885 30 725 690 -1 -1 -1 -1 
408 9 362 16 417 478 -1 -1 -1 -1 
409 8 898 40 702 696 -1 -1 -1 -1 
409 9 362 21 416 484 -1 -1 -1 -1 
410 8 889 54 724 699 -1 -1 -1 -1 
410 9 358 26 419 496 -1 -1 -1 -1 
411 8 889 67 727 710 -1 -1 -1 -1 
411 9 351 29 424 512 -1 -1 -1 -1 
412 8 896 84 718 706 -1 -1 -1 -1 
412 9 351 42 423 520 -1 -1 -1 -1 
413 8 887 105 727 700 -1 -1 -1 -1 
413 9 347 68 431 513 -1 -1 -1 -1 
414 8 891 120 716 703 -1 -1 -1 -1 
414 9 344 85 427 512 -1 -1 -1 -1 
415 8 888 140 724 699 -1 -1 -1 -1 
415 9 339 106 431 498 -1 -1 -1 -1 
416 8 880 158 736 696 -1 -1 -1 -1 
416 9 345 124 427 497 -1 -1 -1 -1 
417 8 886 172 728 709 -1 -1 -1 -1 
417 9 342 142 439 491 -1 -1 -1 -1 
418 8 892 195 720 700 -1 -1 -1 -1 
418 9 336 165 448 488 -1 -1 -1 -1 
419 8 895 211 714 702 -1 -1 -1 -1 
419 9 340 178 434 497 -1 -1 -1 -1 
420 8 893 225 716 704 -1 -1 -1 -1 
420 9 335 194 435 491 -1 -1 -1 -1 
421 8 880 244 736 703 -1 -1 -1 -1 
421 9 329 210 442 488 -1 -1 -1 -1 
422 8 876 260 739 707 -1 -1 -1 -1 
422 9 332 225 432 492 -1 -1 -1 -1 
423 8 871 277 735 704 -1 -1 -1 -1 
423 9 328 235 436 495 -1 -1 -1 -1 
424 8 868 295 745 701 -1 -1 -1 -1 
424 9 321 251 443 501 -1 -1 -1 -1 
425 8 868 310 742 703 -1 -1 -1 -1 
425 9 326 266 435 506 -1 -1 -1 -1 
426 8 871 329 738 702 -1 -1 -1 -1 
426 9 323 279 441 508 -1 -1 -1 -1 
427 8 861 348 755 698 -1 -1 -1 -1 
427 9 322 296 443 501 -1 -1 -1 -1 
428 8 858 360 752 698 -1 -1 -1 -1 
428 9 324 312 445 496 -1 -1 -1 -1 
429 8 855 374 749 692 -1 -1 -1 -1 
429 9 324 325 444 499 -1 -1 -1 -1 
430 8 850 389 741 688 -1 -1 -1 -1 
430 9 324 344 445 498 -1 -1 -1 -1 
431 8 846 406 754 673 -1 -1 -1 -1 
431 9 326 356 442 505 -1 -1 -1 -1 
432 8 840 431 767 648 -1 -1 -1 -1 
432 9 315 366 454 512 -1 -1 -1 -1 
433 8 839 458 764 621 -1 -1 -1 -1 
433 9 315 383 456 507 -1 -1 -1 -1 
434 8 840 476 759 603 -1 -1 -1 -1 
434 9 317 400 452 503 -1 -1 -1 -1 
435 8 839 488 749 591 -1 -1 -1 -1 
435 9 319 410 446 508 -1 -1 -1 -1 
436 8 833 507 753 572 -1 -1 -1 -1 
436 9 317 425 455 507 -1 -1 -1 -1 
437 8 826 533 751 546 -1 -1 -1 -1 
437 9 316 440 451 512 -1 -1 -1 -1 
438 8 832 542 734 537 -1 -1 -1 -1 
438 9 313 453 453 516 -1 -1 -1 -1 
439 8 822 565 752 514 -1 -1 -1 -1 
439 9 312 474 453 509 -1 -1 -1 -1 
440 8 818 589 751 490 -1 -1 -1 -1 
440 9 311 493 460 499 -1 -1 -1 -1 
441 8 819 601 745 478 -1 -1 -1 -1 
441 9 317 504 448 504 -1 -1 -1 -1 
442 8 810 627 753 452 -1 -1 -1 -1 
442 9 316 517 450 504 -1 -1 -1 -1 
443 8 813 647 735 432 -1 -1 -1 -1 
443 9 311 532 456 500 -1 -1 -1 -1 
444 8 814 661 726 418 -1 -1 -1 -1 
444 9 314 545 452 499 -1 -1 -1 -1 
445 8 844 692 580 387 -1 -1 -1 -1 
445 9 317 552 449 512 -1 -1 -1 -1 
446 8 872 727 365 352 -1 -1 -1 -1 
446 9 306 548 466 526 -1 -1 -1 -1 
447 8 860 752 341 327 -1 -1 -1 -1 
447 9 313 546 451 528 -1 -1 -1 -1 
448 8 839 777 391 302 -1 -1 -1 -1 
448 9 311 557 453 517 -1 -1 -1 -1 
448 10 1242 703 328 376 -1 -1 -1 -1 
449 8 854 794 358 285 -1 -1 -1 -1 
449 9 316 559 444 518 -1 -1 -1 -1 
449 10 1243 725 319 354 -1 -1 -1 -1 
450 8 862 808 328 271 -1 -1 -1 -1 
450 9 310 623 463 454 -1 -1 -1 -1 
450 10 1270 745 290 334 -1 -1 -1 -1 
451 8 867 815 313 264 -1 -1 -1 -1 
451 9 327 659 430 419 -1 -1 -1 -1 
451 10 1256 755 309 324 -1 -1 -1 -1 
452 8 850 831 351 248 -1 -1 -1 -1 
452 9 334 682 419 397 -1 -1 -1 -1 
452 10 1260 758 304 321 -1 -1 -1 -1 
453 8 858 842 349 237 -1 -1 -1 -1 
453 9 316 693 455 386 -1 -1 -1 -1 
453 10 1250 774 318 305 -1 -1 -1 -1 
454 8 869 863 322 216 -1 -1 -1 -1 
454 9 315 704 448 375 -1 -1 -1 -1 
454 10 1247 805 327 274 -1 -1 -1 -1 
455 8 871 881 303 198 -1 -1 -1 -1 
455 9 312 706 447 373 -1 -1 -1 -1 
456 9 297 719 469 360 -1 -1 -1 -1 
457 9 315 733 438 346 -1 -1 -1 -1 
458 9 320 760 434 319 -1 -1 -1 -1 
459 9 324 767 426 312 -1 -1 -1 -1 
460 9 325 775 422 304 -1 -1 -1 -1 
461 9 321 784 427 295 -1 -1 -1 -1 
462 9 314 790 440 289 -1 -1 -1 -1 
463 9 316 798 437 281 -1 -1 -1 -1 
536 12 723 6 306 168 -1 -1 -1 -1 
537 12 699 7 305 182 -1 -1 -1 -1 
538 12 686 8 339 196 -1 -1 -1 -1 
539 12 670 9 389 205 -1 -1 -1 -1 
540 12 704 4 342 226 -1 -1 -1 -1 
541 12 669 5 399 242 -1 -1 -1 -1 
542 12 662 3 405 258 -1 -1 -1 -1 
543 12 666 4 397 273 -1 -1 -1 -1 
544 12 662 6 414 282 -1 -1 -1 -1 
545 12 651 5 422 294 -1 -1 -1 -1 
546 12 663 6 403 313 -1 -1 -1 -1 
547 12 639 6 424 332 -1 -1 -1 -1 
548 12 637 6 428 347 -1 -1 -1 -1 
549 12 636 6 426 363 -1 -1 -1 -1 
550 12 639 5 424 379 -1 -1 -1 -1 
551 12 622 5 442 394 -1 -1 -1 -1 
552 12 616 6 442 414 -1 -1 -1 -1 
553 12 615 8 441 429 -1 -1 -1 -1 
554 12 612 9 443 447 -1 -1 -1 -1 
555 12 597 10 457 465 -1 -1 -1 -1 
556 12 595 11 457 479 -1 -1 -1 -1 
557 12 597 18 458 489 -1 -1 -1 -1 
558 12 592 20 464 506 -1 -1 -1 -1 
559 12 585 24 470 516 -1 -1 -1 -1 
560 12 582 32 470 531 -1 -1 -1 -1 
561 12 579 42 475 542 -1 -1 -1 -1 
562 12 576 54 479 547 -1 -1 -1 -1 
563 12 569 67 487 554 -1 -1 -1 -1 
564 12 567 82 490 552 -1 -1 -1 -1 
565 12 567 96 487 556 -1 -1 -1 -1 
566 12 564 113 492 558 -1 -1 -1 -1 
567 12 555 130 502 562 -1 -1 -1 -1 
568 12 550 144 507 570 -1 -1 -1 -1 
569 12 548 160 511 572 -1 -1 -1 -1 
570 12 543 178 516 569 -1 -1 -1 -1 
571 12 551 192 503 571 -1 -1 -1 -1 
572 12 548 208 507 568 -1 -1 -1 -1 
573 12 544 225 510 572 -1 -1 -1 -1 
574 12 546 236 505 578 -1 -1 -1 -1 
575 12 546 251 504 582 -1 -1 -1 -1 
576 12 540 272 514 575 -1 -1 -1 -1 
577 12 540 287 507 575 -1 -1 -1 -1 
578 12 537 309 507 572 -1 -1 -1 -1 
579 12 535 326 511 572 -1 -1 -1 -1 
580 12 536 338 507 578 -1 -1 -1 -1 
581 12 535 359 511 567 -1 -1 -1 -1 
582 12 531 375 515 563 -1 -1 -1 -1 
583 12 534 386 507 568 -1 -1 -1 -1 
584 12 528 407 510 562 -1 -1 -1 -1 
585 12 524 424 513 564 -1 -1 -1 -1 
586 12 518 439 513 570 -1 -1 -1 -1 
587 12 517 462 509 560 -1 -1 -1 -1 
588 12 516 473 511 564 -1 -1 -1 -1 
589 12 515 485 505 570 -1 -1 -1 -1 
590 12 512 507 512 560 -1 -1 -1 -1 
591 12 517 519 498 556 -1 -1 -1 -1 
592 12 510 535 505 543 -1 -1 -1 -1 
593 12 511 552 501 527 -1 -1 -1 -1 
594 12 507 565 504 514 -1 -1 -1 -1 
595 12 511 585 501 494 -1 -1 -1 -1 
596 12 515 606 497 473 -1 -1 -1 -1 
597 12 518 619 490 460 -1 -1 -1 -1 
598 12 490 633 519 446 -1 -1 -1 -1 
599 12 433 647 586 432 -1 -1 -1 -1 
600 12 413 660 592 419 -1 -1 -1 -1 
601 12 416 678 568 401 -1 -1 -1 -1 
602 12 422 697 578 382 -1 -1 -1 -1 
603 12 483 714 496 365 -1 -1 -1 -1 
604 12 474 731 508 348 -1 -1 -1 -1 
605 12 421 748 557 331 -1 -1 -1 -1 
606 12 452 765 497 314 -1 -1 -1 -1 
607 12 465 773 482 306 -1 -1 -1 -1 
608 12 439 787 512 292 -1 -1 -1 -1 
609 12 467 802 483 277 -1 -1 -1 -1 
610 12 487 817 445 262 -1 -1 -1 -1 
771 15 1100 3 407 177 -1 -1 -1 -1 
772 15 1094 4 417 185 -1 -1 -1 -1 
773 15 1089 5 423 193 -1 -1 -1 -1 
774 15 1083 6 433 200 -1 -1 -1 -1 
775 15 1084 7 429 213 -1 -1 -1 -1 
776 15 1082 8 429 225 -1 -1 -1 -1 
777 15 1081 7 428 239 -1 -1 -1 -1 
778 15 1082 6 426 253 -1 -1 -1 -1 
779 15 1078 3 439 272 -1 -1 -1 -1 
780 15 1075 2 444 289 -1 -1 -1 -1 
781 15 1077 4 443 303 -1 -1 -1 -1 
782 15 1081 7 437 312 -1 -1 -1 -1 
783 15 1083 9 433 320 -1 -1 -1 -1 
784 15 1088 10 427 330 -1 -1 -1 -1 
785 15 1088 10 428 341 -1 -1 -1 -1 
786 15 1081 13 439 350 -1 -1 -1 -1 
787 15 1080 18 437 359 -1 -1 -1 -1 
788 15 1079 24 438 370 -1 -1 -1 -1 
789 15 1072 33 447 377 -1 -1 -1 -1 
790 15 1071 42 449 380 -1 -1 -1 -1 
791 15 1071 53 450 382 -1 -1 -1 -1 
792 15 1071 72 456 377 -1 -1 -1 -1 
793 15 1072 84 455 377 -1 -1 -1 -1 
794 15 1068 98 459 376 -1 -1 -1 -1 
795 15 1066 112 459 381 -1 -1 -1 -1 
796 15 1062 121 465 388 -1 -1 -1 -1 
797 15 1066 130 457 392 -1 -1 -1 -1 
798 15 1066 147 465 393 -1 -1 -1 -1 
799 15 1069 164 463 389 -1 -1 -1 -1 
800 15 1075 175 456 391 -1 -1 -1 -1 
801 15 1076 185 454 399 -1 -1 -1 -1 
802 15 1068 201 466 399 -1 -1 -1 -1 
803 15 1058 219 479 395 -1 -1 -1 -1 
804 15 1055 234 482 396 -1 -1 -1 -1 
805 15 1055 250 482 395 -1 -1 -1 -1 
806 15 1052 267 486 390 -1 -1 -1 -1 
807 15 1056 279 479 394 -1 -1 -1 -1 
808 15 1050 293 484 400 -1 -1 -1 -1 
809 15 1043 310 490 398 -1 -1 -1 -1 
810 15 1041 326 490 398 -1 -1 -1 -1 
811 15 1043 343 490 392 -1 -1 -1 -1 
812 15 1045 359 486 391 -1 -1 -1 -1 
813 15 1039 371 496 393 -1 -1 -1 -1 
814 15 1035 386 499 395 -1 -1 -1 -1 
815 15 1037 402 493 396 -1 -1 -1 -1 
816 15 1041 414 487 400 -1 -1 -1 -1 
817 15 1041 434 487 394 -1 -1 -1 -1 
818 15 1044 454 481 388 -1 -1 -1 -1 
819 15 1053 468 468 387 -1 -1 -1 -1 
820 15 1039 484 485 389 -1 -1 -1 -1 
821 15 1035 502 487 388 -1 -1 -1 -1 
822 15 1032 516 488 387 -1 -1 -1 -1 
823 15 1029 531 492 385 -1 -1 -1 -1 
824 15 1033 550 488 382 -1 -1 -1 -1 
825 15 1029 566 493 376 -1 -1 -1 -1 
826 15 1030 584 486 370 -1 -1 -1 -1 
827 15 1031 600 478 376 -1 -1 -1 -1 
828 15 1027 614 481 377 -1 -1 -1 -1 
829 15 1023 629 485 373 -1 -1 -1 -1 
830 15 1023 648 488 371 -1 -1 -1 -1 
831 15 1018 667 493 364 -1 -1 -1 -1 
832 15 1014 681 494 359 -1 -1 -1 -1 
833 15 1016 698 486 353 -1 -1 -1 -1 
834 15 1009 714 489 356 -1 -1 -1 -1 
835 15 1007 727 487 352 -1 -1 -1 -1 
836 15 1001 742 494 337 -1 -1 -1 -1 
837 15 1003 761 490 318 -1 -1 -1 -1 
838 15 1006 779 473 300 -1 -1 -1 -1 
839 15 999 797 485 282 -1 -1 -1 -1 
840 15 1001 815 482 264 -1 -1 -1 -1 
841 15 1003 829 481 250 -1 -1 -1 -1 
842 15 1001 845 480 234 -1 -1 -1 -1 
843 15 985 865 511 214 -1 -1 -1 -1 
844 15 984 884 500 193 -1 -1 -1 -1 
845 15 988 899 491 180 -1 -1 -1 -1 
846 15 986 911 496 168 -1 -1 -1 -1 
847 15 993 925 473 154 -1 -1 -1 -1 
