232 1 554 0 485 197 -1 -1 -1 -1 
233 1 549 1 491 211 -1 -1 -1 -1 
234 1 556 0 477 223 -1 -1 -1 -1 
235 1 546 2 491 232 -1 -1 -1 -1 
236 1 539 5 500 239 -1 -1 -1 -1 
237 1 537 6 499 251 -1 -1 -1 -1 
238 1 536 6 498 266 -1 -1 -1 -1 
239 1 534 10 500 275 -1 -1 -1 -1 
240 1 534 11 499 287 -1 -1 -1 -1 
241 1 525 12 510 303 -1 -1 -1 -1 
242 1 520 15 518 316 -1 -1 -1 -1 
243 1 514 18 524 327 -1 -1 -1 -1 
244 1 513 20 522 338 -1 -1 -1 -1 
245 1 512 23 522 349 -1 -1 -1 -1 
246 1 517 23 510 368 -1 -1 -1 -1 
247 1 515 22 512 384 -1 -1 -1 -1 
248 1 521 19 495 403 -1 -1 -1 -1 
249 1 520 25 495 408 -1 -1 -1 -1 
250 1 523 27 488 418 -1 -1 -1 -1 
251 1 518 28 490 430 -1 -1 -1 -1 
252 1 520 30 481 445 -1 -1 -1 -1 
253 1 512 41 496 449 -1 -1 -1 -1 
254 1 505 54 504 450 -1 -1 -1 -1 
255 1 495 65 513 460 -1 -1 -1 -1 
256 1 493 91 520 446 -1 -1 -1 -1 
257 1 494 109 512 444 -1 -1 -1 -1 
258 1 486 127 522 441 -1 -1 -1 -1 
259 1 482 147 525 438 -1 -1 -1 -1 
260 1 479 163 526 435 -1 -1 -1 -1 
261 1 480 169 527 452 -1 -1 -1 -1 
262 1 475 187 530 449 -1 -1 -1 -1 
263 1 471 203 534 447 -1 -1 -1 -1 
264 1 476 217 526 451 -1 -1 -1 -1 
265 1 470 239 534 443 -1 -1 -1 -1 
266 1 470 252 528 447 -1 -1 -1 -1 
267 1 472 258 524 464 -1 -1 -1 -1 
268 1 466 276 530 463 -1 -1 -1 -1 
269 1 460 300 541 453 -1 -1 -1 -1 
270 1 462 318 539 450 -1 -1 -1 -1 
271 1 461 339 537 444 -1 -1 -1 -1 
272 1 467 347 526 456 -1 -1 -1 -1 
273 1 463 358 534 464 -1 -1 -1 -1 
274 1 454 390 549 443 -1 -1 -1 -1 
275 1 465 401 532 451 -1 -1 -1 -1 
275 2 584 6 446 264 -1 -1 -1 -1 
276 1 465 419 534 449 -1 -1 -1 -1 
276 2 579 7 436 279 -1 -1 -1 -1 
277 1 466 433 534 453 -1 -1 -1 -1 
277 2 572 4 459 295 -1 -1 -1 -1 
278 1 461 445 537 455 -1 -1 -1 -1 
278 2 562 4 477 310 -1 -1 -1 -1 
279 1 458 465 542 449 -1 -1 -1 -1 
279 2 554 5 508 324 -1 -1 -1 -1 
280 1 452 488 548 437 -1 -1 -1 -1 
280 2 561 4 486 341 -1 -1 -1 -1 
281 1 453 514 541 421 -1 -1 -1 -1 
281 2 550 3 500 353 -1 -1 -1 -1 
282 1 466 528 517 433 -1 -1 -1 -1 
282 2 533 3 508 374 -1 -1 -1 -1 
283 1 466 539 513 443 -1 -1 -1 -1 
283 2 534 4 500 390 -1 -1 -1 -1 
284 1 463 555 516 444 -1 -1 -1 -1 
284 2 534 6 482 408 -1 -1 -1 -1 
285 1 459 574 521 438 -1 -1 -1 -1 
285 2 520 7 511 424 -1 -1 -1 -1 
286 1 455 597 525 424 -1 -1 -1 -1 
286 2 518 8 523 434 -1 -1 -1 -1 
287 1 459 620 512 416 -1 -1 -1 -1 
287 2 510 9 532 446 -1 -1 -1 -1 
288 1 463 632 504 416 -1 -1 -1 -1 
288 2 506 15 520 449 -1 -1 -1 -1 
289 1 464 647 497 414 -1 -1 -1 -1 
289 2 509 20 509 455 -1 -1 -1 -1 
290 1 459 662 506 414 -1 -1 -1 -1 
290 2 512 25 502 474 -1 -1 -1 -1 
291 1 454 678 514 401 -1 -1 -1 -1 
291 2 505 27 520 492 -1 -1 -1 -1 
292 1 450 695 520 384 -1 -1 -1 -1 
292 2 499 29 525 507 -1 -1 -1 -1 
293 1 450 721 508 358 -1 -1 -1 -1 
293 2 491 33 531 521 -1 -1 -1 -1 
294 1 460 736 487 343 -1 -1 -1 -1 
294 2 489 34 527 539 -1 -1 -1 -1 
295 1 454 752 491 327 -1 -1 -1 -1 
295 2 484 39 532 554 -1 -1 -1 -1 
296 1 450 769 489 310 -1 -1 -1 -1 
296 2 478 48 549 565 -1 -1 -1 -1 
297 1 442 778 495 301 -1 -1 -1 -1 
297 2 472 45 558 586 -1 -1 -1 -1 
298 1 436 798 506 281 -1 -1 -1 -1 
298 2 474 55 555 598 -1 -1 -1 -1 
298 5 1317 12 336 226 -1 -1 -1 -1 
299 1 446 816 485 263 -1 -1 -1 -1 
299 2 480 95 550 574 -1 -1 -1 -1 
299 5 1344 10 295 242 -1 -1 -1 -1 
300 1 447 829 480 250 -1 -1 -1 -1 
300 2 478 121 552 566 -1 -1 -1 -1 
300 5 1342 9 306 256 -1 -1 -1 -1 
301 1 444 838 484 241 -1 -1 -1 -1 
301 2 471 95 553 607 -1 -1 -1 -1 
301 5 1345 11 308 265 -1 -1 -1 -1 
301 6 845 8 435 308 -1 -1 -1 -1 
302 1 446 851 484 228 -1 -1 -1 -1 
302 2 463 87 564 629 -1 -1 -1 -1 
302 5 1357 11 282 311 -1 -1 -1 -1 
302 6 833 4 448 329 -1 -1 -1 -1 
303 1 451 867 475 207 -1 -1 -1 -1 
303 2 452 89 572 642 -1 -1 -1 -1 
303 5 1347 10 301 340 -1 -1 -1 -1 
303 6 832 4 465 350 -1 -1 -1 -1 
304 1 451 886 467 188 -1 -1 -1 -1 
304 2 459 100 564 648 -1 -1 -1 -1 
304 5 1335 8 324 341 -1 -1 -1 -1 
304 6 835 2 477 342 -1 -1 -1 -1 
305 1 449 900 464 176 -1 -1 -1 -1 
305 2 454 115 569 645 -1 -1 -1 -1 
305 5 1327 9 330 349 -1 -1 -1 -1 
305 6 851 5 443 357 -1 -1 -1 -1 
306 1 457 915 428 159 -1 -1 -1 -1 
306 2 444 132 585 653 -1 -1 -1 -1 
306 5 1320 7 343 354 -1 -1 -1 -1 
306 6 873 7 416 375 -1 -1 -1 -1 
307 1 470 931 398 144 -1 -1 -1 -1 
307 2 438 151 590 652 -1 -1 -1 -1 
307 5 1326 9 333 365 -1 -1 -1 -1 
308 2 443 172 580 650 -1 -1 -1 -1 
308 5 1331 13 330 381 -1 -1 -1 -1 
308 6 908 17 397 387 -1 -1 -1 -1 
309 2 444 180 571 659 -1 -1 -1 -1 
309 5 1336 18 329 392 -1 -1 -1 -1 
309 6 915 20 376 415 -1 -1 -1 -1 
310 2 442 196 573 658 -1 -1 -1 -1 
310 5 1330 20 340 400 -1 -1 -1 -1 
310 6 829 18 488 419 -1 -1 -1 -1 
310 7 385 11 388 171 -1 -1 -1 -1 
311 2 442 214 569 663 -1 -1 -1 -1 
311 5 1320 23 352 410 -1 -1 -1 -1 
311 6 850 20 442 438 -1 -1 -1 -1 
311 7 377 12 420 187 -1 -1 -1 -1 
312 2 438 231 575 659 -1 -1 -1 -1 
312 5 1333 22 333 424 -1 -1 -1 -1 
312 6 833 21 474 456 -1 -1 -1 -1 
312 7 369 12 448 195 -1 -1 -1 -1 
313 2 427 250 584 655 -1 -1 -1 -1 
313 5 1340 20 327 439 -1 -1 -1 -1 
313 6 812 22 505 484 -1 -1 -1 -1 
313 7 374 12 414 216 -1 -1 -1 -1 
314 2 436 264 566 663 -1 -1 -1 -1 
314 5 1336 22 337 457 -1 -1 -1 -1 
314 6 814 25 493 506 -1 -1 -1 -1 
314 7 366 10 413 246 -1 -1 -1 -1 
315 2 433 281 570 663 -1 -1 -1 -1 
315 5 1342 24 332 477 -1 -1 -1 -1 
315 6 813 25 500 517 -1 -1 -1 -1 
315 7 347 9 443 264 -1 -1 -1 -1 
316 2 438 303 561 662 -1 -1 -1 -1 
316 5 1338 29 338 487 -1 -1 -1 -1 
316 6 799 24 507 530 -1 -1 -1 -1 
316 7 326 12 456 263 -1 -1 -1 -1 
317 2 427 329 581 651 -1 -1 -1 -1 
317 5 1338 30 340 501 -1 -1 -1 -1 
317 6 782 24 528 546 -1 -1 -1 -1 
317 7 343 11 414 298 -1 -1 -1 -1 
318 2 430 347 580 648 -1 -1 -1 -1 
318 5 1340 28 337 515 -1 -1 -1 -1 
318 6 767 28 541 549 -1 -1 -1 -1 
318 7 340 8 397 325 -1 -1 -1 -1 
319 2 435 371 570 643 -1 -1 -1 -1 
319 5 1337 27 338 528 -1 -1 -1 -1 
319 6 769 29 530 578 -1 -1 -1 -1 
319 7 326 7 417 343 -1 -1 -1 -1 
320 2 431 377 570 653 -1 -1 -1 -1 
320 5 1331 38 348 542 -1 -1 -1 -1 
320 6 758 28 546 598 -1 -1 -1 -1 
320 7 314 7 423 350 -1 -1 -1 -1 
321 2 426 397 579 645 -1 -1 -1 -1 
321 5 1327 43 357 554 -1 -1 -1 -1 
321 6 767 29 542 626 -1 -1 -1 -1 
321 7 312 7 419 360 -1 -1 -1 -1 
322 2 415 413 584 632 -1 -1 -1 -1 
322 5 1331 50 355 566 -1 -1 -1 -1 
322 6 745 32 573 627 -1 -1 -1 -1 
322 7 302 9 428 364 -1 -1 -1 -1 
323 2 424 473 591 574 -1 -1 -1 -1 
323 5 1342 69 345 563 -1 -1 -1 -1 
323 6 750 42 565 646 -1 -1 -1 -1 
323 7 305 10 425 376 -1 -1 -1 -1 
324 2 440 589 586 469 -1 -1 -1 -1 
324 5 1337 94 355 547 -1 -1 -1 -1 
324 6 745 50 565 658 -1 -1 -1 -1 
324 7 302 14 425 389 -1 -1 -1 -1 
325 2 438 506 536 568 -1 -1 -1 -1 
325 5 1332 112 357 545 -1 -1 -1 -1 
325 6 744 58 562 675 -1 -1 -1 -1 
325 7 296 17 438 403 -1 -1 -1 -1 
326 2 407 496 576 581 -1 -1 -1 -1 
326 5 1332 137 357 537 -1 -1 -1 -1 
326 6 741 71 565 688 -1 -1 -1 -1 
326 7 296 19 427 420 -1 -1 -1 -1 
327 2 409 491 562 585 -1 -1 -1 -1 
327 5 1332 145 352 546 -1 -1 -1 -1 
327 6 736 83 571 690 -1 -1 -1 -1 
327 7 289 21 429 427 -1 -1 -1 -1 
328 2 413 597 613 482 -1 -1 -1 -1 
328 5 1320 146 366 567 -1 -1 -1 -1 
328 6 738 91 570 699 -1 -1 -1 -1 
328 7 289 28 425 433 -1 -1 -1 -1 
329 2 441 679 578 400 -1 -1 -1 -1 
329 5 1328 169 357 563 -1 -1 -1 -1 
329 6 731 106 578 705 -1 -1 -1 -1 
329 7 287 30 427 447 -1 -1 -1 -1 
330 2 419 595 544 484 -1 -1 -1 -1 
330 5 1331 194 362 544 -1 -1 -1 -1 
330 6 728 117 580 711 -1 -1 -1 -1 
330 7 281 38 430 453 -1 -1 -1 -1 
331 2 400 734 645 345 -1 -1 -1 -1 
331 5 1324 204 363 553 -1 -1 -1 -1 
331 6 724 128 583 715 -1 -1 -1 -1 
331 7 278 45 433 460 -1 -1 -1 -1 
332 2 422 740 581 339 -1 -1 -1 -1 
332 5 1328 222 353 559 -1 -1 -1 -1 
332 6 718 151 588 717 -1 -1 -1 -1 
332 7 277 51 436 475 -1 -1 -1 -1 
333 2 429 779 557 300 -1 -1 -1 -1 
333 5 1327 229 356 577 -1 -1 -1 -1 
333 6 713 167 589 716 -1 -1 -1 -1 
333 7 275 50 438 490 -1 -1 -1 -1 
334 2 430 801 550 278 -1 -1 -1 -1 
334 5 1329 267 358 561 -1 -1 -1 -1 
334 6 715 181 581 718 -1 -1 -1 -1 
334 7 270 55 442 493 -1 -1 -1 -1 
335 2 431 842 554 237 -1 -1 -1 -1 
335 5 1331 289 353 550 -1 -1 -1 -1 
335 6 716 194 577 720 -1 -1 -1 -1 
335 7 262 75 451 479 -1 -1 -1 -1 
336 2 448 856 512 223 -1 -1 -1 -1 
336 5 1329 298 354 546 -1 -1 -1 -1 
336 6 714 209 579 722 -1 -1 -1 -1 
336 7 259 100 452 464 -1 -1 -1 -1 
337 2 479 886 486 193 -1 -1 -1 -1 
337 5 1331 307 351 549 -1 -1 -1 -1 
337 6 716 223 573 715 -1 -1 -1 -1 
337 7 265 118 433 464 -1 -1 -1 -1 
338 2 504 915 439 164 -1 -1 -1 -1 
338 5 1327 327 359 539 -1 -1 -1 -1 
338 6 716 242 572 717 -1 -1 -1 -1 
339 5 1329 331 352 557 -1 -1 -1 -1 
339 6 718 264 573 713 -1 -1 -1 -1 
339 7 256 148 442 462 -1 -1 -1 -1 
340 5 1326 348 361 565 -1 -1 -1 -1 
340 6 726 276 564 716 -1 -1 -1 -1 
340 7 252 159 444 459 -1 -1 -1 -1 
341 5 1325 347 358 587 -1 -1 -1 -1 
341 6 717 287 574 715 -1 -1 -1 -1 
341 7 253 172 442 459 -1 -1 -1 -1 
342 5 1331 367 347 582 -1 -1 -1 -1 
342 6 712 301 576 712 -1 -1 -1 -1 
342 7 252 182 437 458 -1 -1 -1 -1 
343 5 1325 377 353 587 -1 -1 -1 -1 
343 6 703 312 592 705 -1 -1 -1 -1 
343 7 254 203 445 467 -1 -1 -1 -1 
344 5 1322 380 355 599 -1 -1 -1 -1 
344 6 705 327 594 687 -1 -1 -1 -1 
344 7 252 225 443 454 -1 -1 -1 -1 
345 5 1314 396 362 593 -1 -1 -1 -1 
345 6 698 344 596 675 -1 -1 -1 -1 
345 7 244 247 459 429 -1 -1 -1 -1 
346 5 1307 410 366 591 -1 -1 -1 -1 
346 6 696 360 587 673 -1 -1 -1 -1 
346 7 250 261 446 436 -1 -1 -1 -1 
347 5 1304 417 366 599 -1 -1 -1 -1 
347 6 691 373 585 661 -1 -1 -1 -1 
347 7 247 273 454 446 -1 -1 -1 -1 
348 5 1298 425 371 607 -1 -1 -1 -1 
348 6 693 392 577 647 -1 -1 -1 -1 
348 7 244 287 457 447 -1 -1 -1 -1 
349 5 1310 452 353 593 -1 -1 -1 -1 
349 6 693 401 570 636 -1 -1 -1 -1 
349 7 248 309 439 438 -1 -1 -1 -1 
350 5 1303 468 361 588 -1 -1 -1 -1 
350 6 685 428 578 622 -1 -1 -1 -1 
350 7 241 325 453 441 -1 -1 -1 -1 
351 5 1297 487 364 577 -1 -1 -1 -1 
351 6 688 445 571 612 -1 -1 -1 -1 
351 7 246 339 448 461 -1 -1 -1 -1 
352 5 1296 506 361 564 -1 -1 -1 -1 
352 6 682 462 588 599 -1 -1 -1 -1 
352 7 242 351 450 464 -1 -1 -1 -1 
353 5 1289 522 368 548 -1 -1 -1 -1 
353 6 681 478 590 587 -1 -1 -1 -1 
353 7 244 375 441 457 -1 -1 -1 -1 
354 5 1280 537 376 535 -1 -1 -1 -1 
354 6 679 490 577 583 -1 -1 -1 -1 
354 7 242 391 437 456 -1 -1 -1 -1 
355 5 1270 548 384 519 -1 -1 -1 -1 
355 6 674 511 568 562 -1 -1 -1 -1 
355 7 241 406 439 456 -1 -1 -1 -1 
356 5 1263 560 385 507 -1 -1 -1 -1 
356 6 672 529 566 543 -1 -1 -1 -1 
356 7 244 425 437 462 -1 -1 -1 -1 
357 5 1250 567 396 509 -1 -1 -1 -1 
357 6 682 544 532 525 -1 -1 -1 -1 
357 7 243 435 441 482 -1 -1 -1 -1 
358 5 1253 579 390 497 -1 -1 -1 -1 
358 6 673 558 539 508 -1 -1 -1 -1 
358 7 236 451 448 471 -1 -1 -1 -1 
359 5 1259 601 374 471 -1 -1 -1 -1 
359 6 674 577 533 483 -1 -1 -1 -1 
359 7 241 467 448 474 -1 -1 -1 -1 
360 5 1263 620 360 453 -1 -1 -1 -1 
360 6 676 587 526 483 -1 -1 -1 -1 
360 7 253 481 433 495 -1 -1 -1 -1 
361 5 1244 632 381 447 -1 -1 -1 -1 
361 6 669 608 545 468 -1 -1 -1 -1 
361 7 241 496 443 494 -1 -1 -1 -1 
362 5 1231 648 395 431 -1 -1 -1 -1 
362 6 675 624 534 454 -1 -1 -1 -1 
362 7 239 514 438 494 -1 -1 -1 -1 
363 5 1230 653 386 426 -1 -1 -1 -1 
363 6 684 646 515 421 -1 -1 -1 -1 
363 7 236 535 449 472 -1 -1 -1 -1 
364 5 1229 671 380 408 -1 -1 -1 -1 
364 6 690 663 493 413 -1 -1 -1 -1 
364 7 244 551 431 479 -1 -1 -1 -1 
365 5 1217 689 387 390 -1 -1 -1 -1 
365 6 688 674 494 405 -1 -1 -1 -1 
365 7 235 565 428 470 -1 -1 -1 -1 
366 5 1215 706 384 373 -1 -1 -1 -1 
366 6 681 698 487 381 -1 -1 -1 -1 
366 7 236 589 430 461 -1 -1 -1 -1 
367 5 1261 722 319 357 -1 -1 -1 -1 
367 6 680 727 476 346 -1 -1 -1 -1 
367 7 233 598 455 467 -1 -1 -1 -1 
368 5 1258 735 329 344 -1 -1 -1 -1 
368 6 687 741 481 335 -1 -1 -1 -1 
368 7 235 599 435 463 -1 -1 -1 -1 
369 5 1232 744 362 335 -1 -1 -1 -1 
369 6 670 763 503 312 -1 -1 -1 -1 
369 7 238 608 442 463 -1 -1 -1 -1 
370 5 1212 767 379 312 -1 -1 -1 -1 
370 6 674 780 495 296 -1 -1 -1 -1 
370 7 236 621 458 458 -1 -1 -1 -1 
370 8 1035 5 450 195 -1 -1 -1 -1 
371 5 1233 784 343 295 -1 -1 -1 -1 
371 6 667 802 512 277 -1 -1 -1 -1 
371 7 238 635 451 444 -1 -1 -1 -1 
371 8 1022 3 483 207 -1 -1 -1 -1 
372 5 1236 798 339 281 -1 -1 -1 -1 
372 6 669 816 504 263 -1 -1 -1 -1 
372 7 240 658 446 421 -1 -1 -1 -1 
372 8 1023 7 483 225 -1 -1 -1 -1 
373 5 1231 812 343 267 -1 -1 -1 -1 
373 6 673 827 497 252 -1 -1 -1 -1 
373 7 238 691 457 388 -1 -1 -1 -1 
373 8 1010 7 504 239 -1 -1 -1 -1 
374 5 1231 823 333 256 -1 -1 -1 -1 
374 6 681 844 477 235 -1 -1 -1 -1 
374 7 252 705 436 374 -1 -1 -1 -1 
375 5 1233 838 323 241 -1 -1 -1 -1 
375 7 253 714 439 365 -1 -1 -1 -1 
376 7 252 724 436 355 -1 -1 -1 -1 
376 8 998 9 523 261 -1 -1 -1 -1 
377 7 258 719 421 360 -1 -1 -1 -1 
377 8 994 8 526 274 -1 -1 -1 -1 
378 7 245 737 447 342 -1 -1 -1 -1 
378 8 989 6 535 287 -1 -1 -1 -1 
379 7 247 751 444 328 -1 -1 -1 -1 
380 8 970 11 572 308 -1 -1 -1 -1 
381 8 971 12 571 318 -1 -1 -1 -1 
382 8 962 15 587 325 -1 -1 -1 -1 
383 8 957 18 595 328 -1 -1 -1 -1 
384 8 958 20 593 336 -1 -1 -1 -1 
385 8 968 19 581 352 -1 -1 -1 -1 
386 8 964 14 582 373 -1 -1 -1 -1 
387 8 968 11 572 395 -1 -1 -1 -1 
387 9 410 13 395 192 -1 -1 -1 -1 
388 8 963 10 592 413 -1 -1 -1 -1 
388 9 406 11 399 215 -1 -1 -1 -1 
389 8 960 9 602 426 -1 -1 -1 -1 
389 9 399 9 411 230 -1 -1 -1 -1 
390 8 958 9 606 437 -1 -1 -1 -1 
390 9 407 10 398 243 -1 -1 -1 -1 
391 8 953 13 606 440 -1 -1 -1 -1 
391 9 403 9 400 260 -1 -1 -1 -1 
392 8 949 13 605 451 -1 -1 -1 -1 
392 9 386 9 422 268 -1 -1 -1 -1 
393 8 942 12 621 464 -1 -1 -1 -1 
393 9 391 12 409 280 -1 -1 -1 -1 
394 8 946 11 620 482 -1 -1 -1 -1 
394 9 386 13 417 291 -1 -1 -1 -1 
395 8 952 14 610 495 -1 -1 -1 -1 
395 9 389 16 416 300 -1 -1 -1 -1 
396 8 935 18 634 505 -1 -1 -1 -1 
396 9 374 19 433 309 -1 -1 -1 -1 
397 8 935 21 622 517 -1 -1 -1 -1 
397 9 373 21 433 321 -1 -1 -1 -1 
398 8 928 19 626 530 -1 -1 -1 -1 
398 9 377 23 429 327 -1 -1 -1 -1 
399 8 921 18 646 541 -1 -1 -1 -1 
399 9 363 25 444 335 -1 -1 -1 -1 
400 8 919 16 655 559 -1 -1 -1 -1 
400 9 360 26 441 350 -1 -1 -1 -1 
401 8 933 17 628 577 -1 -1 -1 -1 
401 9 349 23 452 369 -1 -1 -1 -1 
402 8 923 17 618 592 -1 -1 -1 -1 
402 9 347 20 454 385 -1 -1 -1 -1 
403 8 910 18 632 607 -1 -1 -1 -1 
403 9 345 17 458 402 -1 -1 -1 -1 
404 8 895 17 650 622 -1 -1 -1 -1 
404 9 338 16 467 421 -1 -1 -1 -1 
405 8 879 21 679 628 -1 -1 -1 -1 
405 9 332 15 482 431 -1 -1 -1 -1 
406 8 881 22 689 644 -1 -1 -1 -1 
406 9 330 15 480 438 -1 -1 -1 -1 
407 8 891 25 684 664 -1 -1 -1 -1 
407 9 328 15 481 453 -1 -1 -1 -1 
408 8 895 38 671 671 -1 -1 -1 -1 
408 9 339 15 463 477 -1 -1 -1 -1 
409 8 881 52 696 672 -1 -1 -1 -1 
409 9 336 19 474 491 -1 -1 -1 -1 
410 8 894 63 670 675 -1 -1 -1 -1 
410 9 324 27 478 493 -1 -1 -1 -1 
411 8 891 76 665 679 -1 -1 -1 -1 
411 9 336 34 453 501 -1 -1 -1 -1 
412 8 887 90 683 690 -1 -1 -1 -1 
412 9 334 42 447 511 -1 -1 -1 -1 
413 8 885 108 697 691 -1 -1 -1 -1 
413 9 323 58 459 520 -1 -1 -1 -1 
414 8 876 129 718 684 -1 -1 -1 -1 
414 9 326 77 464 522 -1 -1 -1 -1 
415 8 884 149 689 680 -1 -1 -1 -1 
415 9 327 106 464 509 -1 -1 -1 -1 
416 8 874 166 694 680 -1 -1 -1 -1 
416 9 331 122 461 510 -1 -1 -1 -1 
417 8 877 184 667 680 -1 -1 -1 -1 
417 9 325 144 474 500 -1 -1 -1 -1 
418 8 866 205 683 680 -1 -1 -1 -1 
418 9 328 157 468 503 -1 -1 -1 -1 
419 8 869 228 686 675 -1 -1 -1 -1 
419 9 325 168 469 508 -1 -1 -1 -1 
420 8 864 244 705 675 -1 -1 -1 -1 
420 9 317 187 478 499 -1 -1 -1 -1 
421 8 874 255 670 676 -1 -1 -1 -1 
421 9 321 203 466 497 -1 -1 -1 -1 
422 8 860 271 720 672 -1 -1 -1 -1 
422 9 316 218 468 501 -1 -1 -1 -1 
423 8 864 290 720 661 -1 -1 -1 -1 
423 9 316 237 460 494 -1 -1 -1 -1 
424 8 868 307 707 674 -1 -1 -1 -1 
424 9 315 252 463 495 -1 -1 -1 -1 
425 8 870 325 671 674 -1 -1 -1 -1 
425 9 318 264 448 508 -1 -1 -1 -1 
426 8 864 340 669 673 -1 -1 -1 -1 
426 9 314 275 462 509 -1 -1 -1 -1 
427 8 856 357 683 667 -1 -1 -1 -1 
427 9 310 300 460 502 -1 -1 -1 -1 
428 8 846 381 703 654 -1 -1 -1 -1 
428 9 300 317 477 501 -1 -1 -1 -1 
429 8 845 399 715 645 -1 -1 -1 -1 
429 9 291 338 495 493 -1 -1 -1 -1 
430 8 841 418 719 637 -1 -1 -1 -1 
430 9 295 352 484 495 -1 -1 -1 -1 
431 8 835 436 725 625 -1 -1 -1 -1 
431 9 297 364 472 495 -1 -1 -1 -1 
432 8 831 456 729 609 -1 -1 -1 -1 
432 9 299 378 457 500 -1 -1 -1 -1 
433 8 830 473 728 596 -1 -1 -1 -1 
433 9 298 382 451 510 -1 -1 -1 -1 
434 8 832 491 715 580 -1 -1 -1 -1 
434 9 300 404 451 503 -1 -1 -1 -1 
435 8 821 510 737 561 -1 -1 -1 -1 
435 9 294 432 464 487 -1 -1 -1 -1 
436 8 825 524 736 549 -1 -1 -1 -1 
436 9 297 448 462 485 -1 -1 -1 -1 
437 8 821 539 734 540 -1 -1 -1 -1 
437 9 298 462 460 489 -1 -1 -1 -1 
438 8 808 560 750 519 -1 -1 -1 -1 
438 9 296 481 461 484 -1 -1 -1 -1 
439 8 808 578 749 501 -1 -1 -1 -1 
439 9 298 494 457 486 -1 -1 -1 -1 
440 8 807 607 751 472 -1 -1 -1 -1 
440 9 302 509 451 482 -1 -1 -1 -1 
441 8 814 624 744 455 -1 -1 -1 -1 
441 9 302 529 448 477 -1 -1 -1 -1 
442 8 816 640 736 439 -1 -1 -1 -1 
442 9 304 544 441 470 -1 -1 -1 -1 
443 8 809 655 743 424 -1 -1 -1 -1 
443 9 304 554 440 470 -1 -1 -1 -1 
444 8 814 678 732 401 -1 -1 -1 -1 
444 9 310 565 435 468 -1 -1 -1 -1 
445 8 832 698 712 381 -1 -1 -1 -1 
445 9 316 583 433 460 -1 -1 -1 -1 
446 8 843 727 693 352 -1 -1 -1 -1 
446 9 314 605 449 456 -1 -1 -1 -1 
447 8 872 756 536 323 -1 -1 -1 -1 
447 9 309 591 452 476 -1 -1 -1 -1 
448 8 833 763 690 316 -1 -1 -1 -1 
448 9 310 587 451 491 -1 -1 -1 -1 
449 8 891 786 396 293 -1 -1 -1 -1 
449 9 313 584 453 493 -1 -1 -1 -1 
450 8 846 808 432 271 -1 -1 -1 -1 
450 9 306 653 471 426 -1 -1 -1 -1 
451 8 840 823 483 256 -1 -1 -1 -1 
451 9 331 673 427 406 -1 -1 -1 -1 
452 8 840 843 466 236 -1 -1 -1 -1 
453 9 324 702 441 377 -1 -1 -1 -1 
454 9 320 708 449 371 -1 -1 -1 -1 
455 9 313 730 460 349 -1 -1 -1 -1 
456 9 314 734 454 345 -1 -1 -1 -1 
457 9 309 752 463 327 -1 -1 -1 -1 
458 9 314 774 454 305 -1 -1 -1 -1 
459 9 314 779 452 300 -1 -1 -1 -1 
540 11 693 11 379 207 -1 -1 -1 -1 
541 11 670 9 409 222 -1 -1 -1 -1 
542 11 640 8 444 238 -1 -1 -1 -1 
543 11 658 6 418 249 -1 -1 -1 -1 
544 11 680 3 391 265 -1 -1 -1 -1 
545 11 672 6 398 283 -1 -1 -1 -1 
546 11 649 7 428 310 -1 -1 -1 -1 
547 11 655 10 425 324 -1 -1 -1 -1 
548 11 646 11 429 337 -1 -1 -1 -1 
549 11 593 12 493 350 -1 -1 -1 -1 
550 11 584 10 491 375 -1 -1 -1 -1 
551 11 572 9 501 398 -1 -1 -1 -1 
552 11 570 11 500 415 -1 -1 -1 -1 
553 11 559 15 517 427 -1 -1 -1 -1 
554 11 568 20 507 436 -1 -1 -1 -1 
555 11 574 26 499 444 -1 -1 -1 -1 
556 11 578 28 491 466 -1 -1 -1 -1 
557 11 580 31 492 486 -1 -1 -1 -1 
558 11 581 38 489 495 -1 -1 -1 -1 
559 11 562 39 510 511 -1 -1 -1 -1 
560 11 556 45 508 523 -1 -1 -1 -1 
561 11 556 52 512 539 -1 -1 -1 -1 
562 11 552 59 516 549 -1 -1 -1 -1 
563 11 548 70 519 553 -1 -1 -1 -1 
564 11 546 86 523 559 -1 -1 -1 -1 
565 11 544 104 519 560 -1 -1 -1 -1 
566 11 536 119 531 562 -1 -1 -1 -1 
567 11 537 132 532 567 -1 -1 -1 -1 
568 11 535 146 534 568 -1 -1 -1 -1 
569 11 531 163 538 567 -1 -1 -1 -1 
570 11 533 181 525 564 -1 -1 -1 -1 
571 11 529 199 528 562 -1 -1 -1 -1 
572 11 534 215 518 564 -1 -1 -1 -1 
573 11 534 233 521 570 -1 -1 -1 -1 
574 11 530 250 530 568 -1 -1 -1 -1 
575 11 533 267 516 572 -1 -1 -1 -1 
576 11 524 276 532 578 -1 -1 -1 -1 
577 11 518 296 537 571 -1 -1 -1 -1 
578 11 517 313 532 574 -1 -1 -1 -1 
579 11 517 328 532 576 -1 -1 -1 -1 
580 11 525 340 524 578 -1 -1 -1 -1 
581 11 529 352 521 582 -1 -1 -1 -1 
582 11 536 370 509 582 -1 -1 -1 -1 
583 11 529 392 515 573 -1 -1 -1 -1 
584 11 528 409 513 576 -1 -1 -1 -1 
585 11 521 428 526 574 -1 -1 -1 -1 
586 11 522 444 530 567 -1 -1 -1 -1 
587 11 529 465 514 556 -1 -1 -1 -1 
588 11 518 481 522 558 -1 -1 -1 -1 
589 11 516 493 527 560 -1 -1 -1 -1 
590 11 511 511 521 549 -1 -1 -1 -1 
591 11 506 522 516 542 -1 -1 -1 -1 
592 11 497 538 526 530 -1 -1 -1 -1 
593 11 498 556 526 511 -1 -1 -1 -1 
594 11 497 571 524 497 -1 -1 -1 -1 
595 11 490 583 529 494 -1 -1 -1 -1 
596 11 483 603 543 476 -1 -1 -1 -1 
597 11 497 619 519 460 -1 -1 -1 -1 
598 11 401 632 631 447 -1 -1 -1 -1 
599 11 406 650 611 429 -1 -1 -1 -1 
600 11 424 667 585 412 -1 -1 -1 -1 
601 11 419 683 588 396 -1 -1 -1 -1 
602 11 408 705 600 374 -1 -1 -1 -1 
603 11 413 720 585 359 -1 -1 -1 -1 
604 11 420 733 582 346 -1 -1 -1 -1 
605 11 424 746 563 333 -1 -1 -1 -1 
606 11 449 763 514 316 -1 -1 -1 -1 
607 11 453 786 532 293 -1 -1 -1 -1 
608 11 452 804 534 275 -1 -1 -1 -1 
609 11 460 824 497 255 -1 -1 -1 -1 
771 12 1087 9 436 177 -1 -1 -1 -1 
772 12 1086 10 438 186 -1 -1 -1 -1 
773 12 1086 9 434 201 -1 -1 -1 -1 
774 12 1076 7 439 211 -1 -1 -1 -1 
775 12 1066 9 459 218 -1 -1 -1 -1 
776 12 1067 9 460 226 -1 -1 -1 -1 
777 12 1071 9 449 241 -1 -1 -1 -1 
778 12 1070 10 451 251 -1 -1 -1 -1 
779 12 1069 7 455 265 -1 -1 -1 -1 
780 12 1066 8 460 277 -1 -1 -1 -1 
781 12 1066 12 469 287 -1 -1 -1 -1 
782 12 1062 14 475 295 -1 -1 -1 -1 
783 12 1062 18 473 306 -1 -1 -1 -1 
784 12 1059 21 476 317 -1 -1 -1 -1 
785 12 1064 22 469 331 -1 -1 -1 -1 
786 12 1059 20 472 345 -1 -1 -1 -1 
787 12 1061 21 468 359 -1 -1 -1 -1 
788 12 1058 27 476 371 -1 -1 -1 -1 
789 12 1051 35 487 375 -1 -1 -1 -1 
790 12 1047 44 495 377 -1 -1 -1 -1 
791 12 1049 50 495 385 -1 -1 -1 -1 
792 12 1050 67 496 383 -1 -1 -1 -1 
793 12 1053 81 491 383 -1 -1 -1 -1 
794 12 1055 92 487 391 -1 -1 -1 -1 
795 12 1050 109 492 391 -1 -1 -1 -1 
796 12 1050 124 494 392 -1 -1 -1 -1 
797 12 1045 136 501 389 -1 -1 -1 -1 
798 12 1047 144 498 394 -1 -1 -1 -1 
799 12 1048 155 501 397 -1 -1 -1 -1 
800 12 1051 166 498 399 -1 -1 -1 -1 
801 12 1057 176 492 409 -1 -1 -1 -1 
802 12 1053 195 497 407 -1 -1 -1 -1 
803 12 1058 210 491 409 -1 -1 -1 -1 
804 12 1050 227 501 404 -1 -1 -1 -1 
805 12 1054 241 498 404 -1 -1 -1 -1 
806 12 1053 257 496 402 -1 -1 -1 -1 
807 12 1045 272 504 404 -1 -1 -1 -1 
808 12 1052 289 489 409 -1 -1 -1 -1 
809 12 1059 307 482 406 -1 -1 -1 -1 
810 12 1046 321 501 400 -1 -1 -1 -1 
811 12 1045 333 499 398 -1 -1 -1 -1 
812 12 1044 349 500 399 -1 -1 -1 -1 
813 12 1038 369 503 398 -1 -1 -1 -1 
814 12 1045 384 490 404 -1 -1 -1 -1 
815 12 1047 405 492 399 -1 -1 -1 -1 
816 12 1046 421 492 389 -1 -1 -1 -1 
817 12 1050 432 479 394 -1 -1 -1 -1 
818 12 1037 449 495 393 -1 -1 -1 -1 
819 12 1033 471 501 385 -1 -1 -1 -1 
820 12 1036 488 492 388 -1 -1 -1 -1 
821 12 1023 509 515 380 -1 -1 -1 -1 
822 12 1036 527 489 369 -1 -1 -1 -1 
823 12 1039 532 484 371 -1 -1 -1 -1 
824 12 1035 544 491 375 -1 -1 -1 -1 
825 12 1027 565 506 367 -1 -1 -1 -1 
826 12 1030 584 501 364 -1 -1 -1 -1 
827 12 1029 603 499 366 -1 -1 -1 -1 
828 12 1038 617 477 366 -1 -1 -1 -1 
829 12 1035 633 478 364 -1 -1 -1 -1 
830 12 1026 649 493 366 -1 -1 -1 -1 
831 12 1019 671 500 356 -1 -1 -1 -1 
832 12 1016 688 502 352 -1 -1 -1 -1 
833 12 1008 706 511 350 -1 -1 -1 -1 
834 12 1006 719 510 352 -1 -1 -1 -1 
835 12 1003 729 514 347 -1 -1 -1 -1 
836 12 998 743 517 335 -1 -1 -1 -1 
837 12 1000 759 505 320 -1 -1 -1 -1 
838 12 996 774 504 305 -1 -1 -1 -1 
839 12 989 791 510 288 -1 -1 -1 -1 
840 12 976 808 522 271 -1 -1 -1 -1 
841 12 982 824 512 255 -1 -1 -1 -1 
842 12 993 835 490 244 -1 -1 -1 -1 
843 12 977 850 514 229 -1 -1 -1 -1 
844 12 979 867 501 209 -1 -1 -1 -1 
845 12 975 882 504 196 -1 -1 -1 -1 
846 12 982 899 494 180 -1 -1 -1 -1 
