232 1 554 0 485 197 -1 -1 -1 -1 
233 1 549 1 491 211 -1 -1 -1 -1 
234 1 556 0 477 223 -1 -1 -1 -1 
235 1 546 2 491 232 -1 -1 -1 -1 
236 1 539 5 500 239 -1 -1 -1 -1 
237 1 537 6 499 251 -1 -1 -1 -1 
238 1 536 6 498 266 -1 -1 -1 -1 
239 1 534 10 500 275 -1 -1 -1 -1 
240 1 534 11 499 287 -1 -1 -1 -1 
241 1 525 12 510 303 -1 -1 -1 -1 
242 1 520 15 518 316 -1 -1 -1 -1 
243 1 514 18 524 327 -1 -1 -1 -1 
244 1 513 20 522 338 -1 -1 -1 -1 
245 1 512 23 522 349 -1 -1 -1 -1 
246 1 517 23 510 368 -1 -1 -1 -1 
247 1 515 22 512 384 -1 -1 -1 -1 
248 1 521 19 495 403 -1 -1 -1 -1 
249 1 520 25 495 408 -1 -1 -1 -1 
250 1 523 27 488 418 -1 -1 -1 -1 
251 1 518 28 490 430 -1 -1 -1 -1 
252 1 520 30 481 445 -1 -1 -1 -1 
253 1 512 41 496 449 -1 -1 -1 -1 
254 1 505 54 504 450 -1 -1 -1 -1 
255 1 495 65 513 460 -1 -1 -1 -1 
256 1 493 91 520 446 -1 -1 -1 -1 
257 1 494 109 512 444 -1 -1 -1 -1 
258 1 486 127 522 441 -1 -1 -1 -1 
259 1 482 147 525 438 -1 -1 -1 -1 
260 1 479 163 526 435 -1 -1 -1 -1 
261 1 480 169 527 452 -1 -1 -1 -1 
262 1 475 187 530 449 -1 -1 -1 -1 
263 1 471 203 534 447 -1 -1 -1 -1 
264 1 476 217 526 451 -1 -1 -1 -1 
265 1 470 239 534 443 -1 -1 -1 -1 
266 1 470 252 528 447 -1 -1 -1 -1 
267 1 472 258 524 464 -1 -1 -1 -1 
268 1 466 276 530 463 -1 -1 -1 -1 
269 1 460 300 541 453 -1 -1 -1 -1 
270 1 462 318 539 450 -1 -1 -1 -1 
271 1 461 339 537 444 -1 -1 -1 -1 
272 1 467 347 526 456 -1 -1 -1 -1 
273 1 463 358 534 464 -1 -1 -1 -1 
274 1 454 390 549 443 -1 -1 -1 -1 
275 1 465 401 532 451 -1 -1 -1 -1 
275 2 584 6 446 264 -1 -1 -1 -1 
276 1 465 419 534 449 -1 -1 -1 -1 
276 2 579 7 436 279 -1 -1 -1 -1 
277 1 466 433 534 453 -1 -1 -1 -1 
277 2 572 4 459 295 -1 -1 -1 -1 
278 1 461 445 537 455 -1 -1 -1 -1 
278 2 562 4 477 310 -1 -1 -1 -1 
279 1 458 465 542 449 -1 -1 -1 -1 
279 2 554 5 508 324 -1 -1 -1 -1 
280 1 452 488 548 437 -1 -1 -1 -1 
280 2 561 4 486 341 -1 -1 -1 -1 
281 1 453 514 541 421 -1 -1 -1 -1 
281 2 550 3 500 353 -1 -1 -1 -1 
282 1 466 528 517 433 -1 -1 -1 -1 
282 2 533 3 508 374 -1 -1 -1 -1 
283 1 466 539 513 443 -1 -1 -1 -1 
283 2 534 4 500 390 -1 -1 -1 -1 
284 1 463 555 516 444 -1 -1 -1 -1 
284 2 534 6 482 408 -1 -1 -1 -1 
285 1 459 574 521 438 -1 -1 -1 -1 
285 2 520 7 511 424 -1 -1 -1 -1 
286 1 455 597 525 424 -1 -1 -1 -1 
286 2 518 8 523 434 -1 -1 -1 -1 
287 1 459 620 512 416 -1 -1 -1 -1 
287 2 510 9 532 446 -1 -1 -1 -1 
288 1 463 632 504 416 -1 -1 -1 -1 
288 2 506 15 520 449 -1 -1 -1 -1 
289 1 464 647 497 414 -1 -1 -1 -1 
289 2 509 20 509 455 -1 -1 -1 -1 
290 1 459 662 506 414 -1 -1 -1 -1 
290 2 512 25 502 474 -1 -1 -1 -1 
291 1 454 678 514 401 -1 -1 -1 -1 
291 2 505 27 520 492 -1 -1 -1 -1 
292 1 450 695 520 384 -1 -1 -1 -1 
292 2 499 29 525 507 -1 -1 -1 -1 
293 1 450 721 508 358 -1 -1 -1 -1 
293 2 491 33 531 521 -1 -1 -1 -1 
294 1 460 736 487 343 -1 -1 -1 -1 
294 2 489 34 527 539 -1 -1 -1 -1 
295 1 454 752 491 327 -1 -1 -1 -1 
295 2 484 39 532 554 -1 -1 -1 -1 
296 1 450 769 489 310 -1 -1 -1 -1 
296 2 478 48 549 565 -1 -1 -1 -1 
297 1 442 778 495 301 -1 -1 -1 -1 
297 2 472 45 558 586 -1 -1 -1 -1 
298 1 436 798 506 281 -1 -1 -1 -1 
298 2 474 55 555 598 -1 -1 -1 -1 
298 4 1317 12 336 226 -1 -1 -1 -1 
299 1 446 816 485 263 -1 -1 -1 -1 
299 2 480 95 550 574 -1 -1 -1 -1 
299 4 1344 10 295 242 -1 -1 -1 -1 
300 1 447 829 480 250 -1 -1 -1 -1 
300 2 478 121 552 566 -1 -1 -1 -1 
300 4 1342 9 306 256 -1 -1 -1 -1 
301 1 444 838 484 241 -1 -1 -1 -1 
301 2 471 95 553 607 -1 -1 -1 -1 
301 4 1345 11 308 265 -1 -1 -1 -1 
302 1 446 851 484 228 -1 -1 -1 -1 
302 2 463 87 564 629 -1 -1 -1 -1 
302 4 1357 11 282 311 -1 -1 -1 -1 
302 5 833 3 446 329 -1 -1 -1 -1 
303 1 451 867 475 207 -1 -1 -1 -1 
303 2 452 89 572 642 -1 -1 -1 -1 
303 4 1347 10 301 340 -1 -1 -1 -1 
303 5 834 4 462 348 -1 -1 -1 -1 
304 1 451 886 467 188 -1 -1 -1 -1 
304 2 459 100 564 648 -1 -1 -1 -1 
304 4 1335 8 324 341 -1 -1 -1 -1 
304 5 838 2 472 339 -1 -1 -1 -1 
305 1 449 900 464 176 -1 -1 -1 -1 
305 2 454 115 569 645 -1 -1 -1 -1 
305 4 1327 9 330 349 -1 -1 -1 -1 
305 5 853 6 440 354 -1 -1 -1 -1 
306 1 457 915 428 159 -1 -1 -1 -1 
306 2 444 132 585 653 -1 -1 -1 -1 
306 4 1320 7 343 354 -1 -1 -1 -1 
306 5 875 7 413 374 -1 -1 -1 -1 
307 1 470 931 398 144 -1 -1 -1 -1 
307 2 438 151 590 652 -1 -1 -1 -1 
307 4 1326 9 333 365 -1 -1 -1 -1 
308 2 443 172 580 650 -1 -1 -1 -1 
308 4 1331 13 330 381 -1 -1 -1 -1 
308 5 910 18 394 385 -1 -1 -1 -1 
309 2 444 180 571 659 -1 -1 -1 -1 
309 4 1336 18 329 392 -1 -1 -1 -1 
309 5 914 19 398 395 -1 -1 -1 -1 
310 2 442 196 573 658 -1 -1 -1 -1 
310 4 1330 20 340 400 -1 -1 -1 -1 
311 2 442 214 569 663 -1 -1 -1 -1 
311 4 1320 23 352 410 -1 -1 -1 -1 
311 6 377 12 420 187 -1 -1 -1 -1 
312 2 438 231 575 659 -1 -1 -1 -1 
312 4 1333 22 333 424 -1 -1 -1 -1 
312 6 370 12 448 195 -1 -1 -1 -1 
312 7 834 22 473 454 -1 -1 -1 -1 
313 2 427 250 584 655 -1 -1 -1 -1 
313 4 1340 20 327 439 -1 -1 -1 -1 
313 6 374 12 415 217 -1 -1 -1 -1 
313 7 812 22 505 485 -1 -1 -1 -1 
314 2 436 264 566 663 -1 -1 -1 -1 
314 4 1336 22 337 457 -1 -1 -1 -1 
314 6 366 10 414 247 -1 -1 -1 -1 
314 7 814 26 494 506 -1 -1 -1 -1 
315 2 433 281 570 663 -1 -1 -1 -1 
315 4 1342 24 332 477 -1 -1 -1 -1 
315 6 347 9 443 265 -1 -1 -1 -1 
315 7 812 25 502 518 -1 -1 -1 -1 
316 2 438 303 561 662 -1 -1 -1 -1 
316 4 1338 29 338 487 -1 -1 -1 -1 
316 6 325 12 458 264 -1 -1 -1 -1 
316 7 798 24 508 530 -1 -1 -1 -1 
317 2 427 329 581 651 -1 -1 -1 -1 
317 4 1338 30 340 501 -1 -1 -1 -1 
317 6 343 11 414 298 -1 -1 -1 -1 
317 7 781 24 529 546 -1 -1 -1 -1 
318 2 430 347 580 648 -1 -1 -1 -1 
318 4 1340 28 337 515 -1 -1 -1 -1 
318 6 340 8 397 325 -1 -1 -1 -1 
318 7 767 28 540 549 -1 -1 -1 -1 
319 2 435 371 570 643 -1 -1 -1 -1 
319 4 1337 27 338 528 -1 -1 -1 -1 
319 6 325 7 418 343 -1 -1 -1 -1 
319 7 768 29 531 578 -1 -1 -1 -1 
320 2 431 377 570 653 -1 -1 -1 -1 
320 4 1331 38 348 542 -1 -1 -1 -1 
320 6 313 7 425 350 -1 -1 -1 -1 
320 7 758 28 546 598 -1 -1 -1 -1 
321 2 426 397 579 645 -1 -1 -1 -1 
321 4 1327 43 357 554 -1 -1 -1 -1 
321 6 312 7 419 360 -1 -1 -1 -1 
321 7 767 29 542 626 -1 -1 -1 -1 
322 2 415 413 584 632 -1 -1 -1 -1 
322 4 1331 50 355 566 -1 -1 -1 -1 
322 6 302 9 428 364 -1 -1 -1 -1 
322 7 745 32 573 628 -1 -1 -1 -1 
323 2 424 473 591 574 -1 -1 -1 -1 
323 4 1342 69 345 563 -1 -1 -1 -1 
323 6 305 10 425 377 -1 -1 -1 -1 
323 7 750 42 565 646 -1 -1 -1 -1 
324 2 440 589 586 469 -1 -1 -1 -1 
324 4 1337 94 355 547 -1 -1 -1 -1 
324 6 302 14 425 389 -1 -1 -1 -1 
324 7 745 51 565 657 -1 -1 -1 -1 
325 2 438 506 536 568 -1 -1 -1 -1 
325 4 1332 112 357 545 -1 -1 -1 -1 
325 6 296 17 438 404 -1 -1 -1 -1 
325 7 744 58 562 675 -1 -1 -1 -1 
326 2 407 496 576 581 -1 -1 -1 -1 
326 4 1332 137 357 537 -1 -1 -1 -1 
326 6 296 19 427 420 -1 -1 -1 -1 
326 7 741 71 565 688 -1 -1 -1 -1 
327 2 409 491 562 585 -1 -1 -1 -1 
327 4 1332 145 352 546 -1 -1 -1 -1 
327 6 289 21 429 427 -1 -1 -1 -1 
327 7 736 83 571 691 -1 -1 -1 -1 
328 2 413 597 613 482 -1 -1 -1 -1 
328 4 1320 146 366 567 -1 -1 -1 -1 
328 6 288 28 426 433 -1 -1 -1 -1 
328 7 737 91 571 699 -1 -1 -1 -1 
329 2 441 679 578 400 -1 -1 -1 -1 
329 4 1328 169 357 563 -1 -1 -1 -1 
329 6 287 30 427 447 -1 -1 -1 -1 
329 7 731 106 578 705 -1 -1 -1 -1 
330 2 419 595 544 484 -1 -1 -1 -1 
330 4 1331 194 362 544 -1 -1 -1 -1 
330 6 281 38 430 453 -1 -1 -1 -1 
330 7 728 117 580 711 -1 -1 -1 -1 
331 2 400 734 645 345 -1 -1 -1 -1 
331 4 1324 204 363 553 -1 -1 -1 -1 
331 6 278 46 433 459 -1 -1 -1 -1 
331 7 724 129 583 714 -1 -1 -1 -1 
332 2 404 764 640 315 -1 -1 -1 -1 
332 4 1328 222 353 559 -1 -1 -1 -1 
332 6 277 51 436 475 -1 -1 -1 -1 
333 4 1327 229 356 577 -1 -1 -1 -1 
333 6 275 50 438 490 -1 -1 -1 -1 
333 7 713 167 589 716 -1 -1 -1 -1 
334 4 1329 267 358 561 -1 -1 -1 -1 
334 6 270 55 442 493 -1 -1 -1 -1 
334 7 715 181 581 718 -1 -1 -1 -1 
335 4 1331 289 353 550 -1 -1 -1 -1 
335 6 262 75 451 479 -1 -1 -1 -1 
335 7 715 195 578 719 -1 -1 -1 -1 
335 8 429 837 560 242 -1 -1 -1 -1 
336 4 1329 298 354 546 -1 -1 -1 -1 
336 6 259 100 452 464 -1 -1 -1 -1 
336 7 714 209 579 722 -1 -1 -1 -1 
337 4 1331 307 351 549 -1 -1 -1 -1 
337 6 265 118 433 464 -1 -1 -1 -1 
337 7 716 223 573 715 -1 -1 -1 -1 
338 4 1327 327 359 539 -1 -1 -1 -1 
338 6 261 138 436 458 -1 -1 -1 -1 
338 7 716 243 572 716 -1 -1 -1 -1 
339 4 1329 331 352 557 -1 -1 -1 -1 
339 6 256 148 442 462 -1 -1 -1 -1 
339 7 718 264 573 713 -1 -1 -1 -1 
340 4 1326 348 361 565 -1 -1 -1 -1 
340 6 252 159 444 459 -1 -1 -1 -1 
340 7 726 276 564 717 -1 -1 -1 -1 
341 4 1325 347 358 587 -1 -1 -1 -1 
341 6 253 172 442 459 -1 -1 -1 -1 
341 7 717 287 574 715 -1 -1 -1 -1 
342 4 1331 367 347 582 -1 -1 -1 -1 
342 6 252 182 437 458 -1 -1 -1 -1 
342 7 712 301 576 712 -1 -1 -1 -1 
343 4 1325 377 353 587 -1 -1 -1 -1 
343 6 254 203 445 467 -1 -1 -1 -1 
343 7 703 312 591 706 -1 -1 -1 -1 
344 4 1322 380 355 599 -1 -1 -1 -1 
344 6 252 225 443 454 -1 -1 -1 -1 
344 7 705 328 594 686 -1 -1 -1 -1 
345 4 1314 396 362 593 -1 -1 -1 -1 
345 6 244 247 459 429 -1 -1 -1 -1 
345 7 698 344 596 675 -1 -1 -1 -1 
346 4 1307 410 366 591 -1 -1 -1 -1 
346 6 250 261 446 436 -1 -1 -1 -1 
346 7 696 360 587 673 -1 -1 -1 -1 
347 4 1304 417 366 599 -1 -1 -1 -1 
347 6 247 273 454 446 -1 -1 -1 -1 
347 7 691 373 585 661 -1 -1 -1 -1 
348 4 1298 425 371 607 -1 -1 -1 -1 
348 6 244 287 457 447 -1 -1 -1 -1 
348 7 693 392 577 647 -1 -1 -1 -1 
349 4 1310 452 353 593 -1 -1 -1 -1 
349 6 248 309 439 438 -1 -1 -1 -1 
349 7 693 401 570 636 -1 -1 -1 -1 
350 4 1303 468 361 588 -1 -1 -1 -1 
350 6 241 325 453 441 -1 -1 -1 -1 
350 7 685 428 578 622 -1 -1 -1 -1 
351 4 1297 487 364 577 -1 -1 -1 -1 
351 6 246 339 448 461 -1 -1 -1 -1 
351 7 688 445 571 612 -1 -1 -1 -1 
352 4 1296 506 361 564 -1 -1 -1 -1 
352 6 242 351 450 464 -1 -1 -1 -1 
352 7 682 462 588 599 -1 -1 -1 -1 
353 4 1289 522 368 548 -1 -1 -1 -1 
353 6 244 375 441 457 -1 -1 -1 -1 
353 7 681 478 590 587 -1 -1 -1 -1 
354 4 1280 537 376 535 -1 -1 -1 -1 
354 6 242 391 437 456 -1 -1 -1 -1 
354 7 679 490 577 583 -1 -1 -1 -1 
355 4 1270 548 384 519 -1 -1 -1 -1 
355 6 241 406 439 456 -1 -1 -1 -1 
355 7 674 511 568 562 -1 -1 -1 -1 
356 4 1263 560 385 507 -1 -1 -1 -1 
356 6 244 425 437 462 -1 -1 -1 -1 
356 7 672 529 566 543 -1 -1 -1 -1 
357 4 1250 567 396 509 -1 -1 -1 -1 
357 6 243 435 441 482 -1 -1 -1 -1 
357 7 682 544 532 525 -1 -1 -1 -1 
358 4 1253 579 390 497 -1 -1 -1 -1 
358 6 236 451 448 471 -1 -1 -1 -1 
358 7 673 558 539 508 -1 -1 -1 -1 
359 4 1259 601 374 471 -1 -1 -1 -1 
359 6 241 467 448 474 -1 -1 -1 -1 
359 7 674 577 533 483 -1 -1 -1 -1 
360 4 1263 620 360 453 -1 -1 -1 -1 
360 6 253 481 433 495 -1 -1 -1 -1 
360 7 676 587 526 483 -1 -1 -1 -1 
361 4 1244 632 381 447 -1 -1 -1 -1 
361 6 241 496 443 494 -1 -1 -1 -1 
361 7 669 608 545 468 -1 -1 -1 -1 
362 4 1231 648 395 431 -1 -1 -1 -1 
362 6 239 514 438 494 -1 -1 -1 -1 
362 7 675 624 534 454 -1 -1 -1 -1 
363 4 1230 653 386 426 -1 -1 -1 -1 
363 6 236 535 449 472 -1 -1 -1 -1 
363 7 684 646 515 421 -1 -1 -1 -1 
364 4 1229 671 380 408 -1 -1 -1 -1 
364 6 244 551 431 479 -1 -1 -1 -1 
364 7 690 663 493 413 -1 -1 -1 -1 
365 4 1217 689 387 390 -1 -1 -1 -1 
365 6 235 565 428 470 -1 -1 -1 -1 
365 7 688 674 494 405 -1 -1 -1 -1 
366 4 1215 706 384 373 -1 -1 -1 -1 
366 6 236 589 430 461 -1 -1 -1 -1 
366 7 681 698 487 381 -1 -1 -1 -1 
367 4 1261 722 319 357 -1 -1 -1 -1 
367 6 233 598 455 467 -1 -1 -1 -1 
367 7 680 727 476 346 -1 -1 -1 -1 
368 4 1258 735 329 344 -1 -1 -1 -1 
368 6 235 599 435 463 -1 -1 -1 -1 
368 7 687 741 481 335 -1 -1 -1 -1 
369 4 1232 744 362 335 -1 -1 -1 -1 
369 6 238 608 442 463 -1 -1 -1 -1 
369 7 670 763 503 312 -1 -1 -1 -1 
370 4 1212 767 379 312 -1 -1 -1 -1 
370 6 236 621 458 458 -1 -1 -1 -1 
370 7 674 780 495 296 -1 -1 -1 -1 
371 4 1233 784 343 295 -1 -1 -1 -1 
371 6 238 635 451 444 -1 -1 -1 -1 
371 7 667 802 512 277 -1 -1 -1 -1 
372 4 1236 798 339 281 -1 -1 -1 -1 
372 6 240 658 446 421 -1 -1 -1 -1 
372 7 669 816 504 263 -1 -1 -1 -1 
372 10 1023 7 482 225 -1 -1 -1 -1 
373 4 1231 812 343 267 -1 -1 -1 -1 
373 6 238 691 457 388 -1 -1 -1 -1 
373 7 673 827 497 252 -1 -1 -1 -1 
373 10 1011 8 502 238 -1 -1 -1 -1 
374 4 1231 823 333 256 -1 -1 -1 -1 
374 6 252 705 436 374 -1 -1 -1 -1 
374 7 681 844 477 235 -1 -1 -1 -1 
375 4 1233 838 323 241 -1 -1 -1 -1 
375 6 253 714 439 365 -1 -1 -1 -1 
376 6 252 724 436 355 -1 -1 -1 -1 
376 10 999 10 521 259 -1 -1 -1 -1 
377 6 258 719 421 360 -1 -1 -1 -1 
377 10 995 8 524 273 -1 -1 -1 -1 
378 6 261 732 417 347 -1 -1 -1 -1 
379 10 980 10 545 298 -1 -1 -1 -1 
380 10 970 11 571 307 -1 -1 -1 -1 
381 10 971 12 571 318 -1 -1 -1 -1 
382 10 962 15 586 325 -1 -1 -1 -1 
383 10 957 18 594 327 -1 -1 -1 -1 
384 10 959 20 591 336 -1 -1 -1 -1 
385 10 968 19 580 352 -1 -1 -1 -1 
386 10 964 14 581 373 -1 -1 -1 -1 
387 10 968 11 572 395 -1 -1 -1 -1 
387 11 410 13 395 192 -1 -1 -1 -1 
388 10 963 10 591 413 -1 -1 -1 -1 
388 11 406 11 399 215 -1 -1 -1 -1 
389 10 960 9 601 426 -1 -1 -1 -1 
389 11 399 9 411 230 -1 -1 -1 -1 
390 10 958 9 606 437 -1 -1 -1 -1 
390 11 407 10 398 243 -1 -1 -1 -1 
391 10 953 13 606 440 -1 -1 -1 -1 
391 11 403 9 400 260 -1 -1 -1 -1 
392 10 949 13 605 451 -1 -1 -1 -1 
392 11 386 9 422 268 -1 -1 -1 -1 
393 10 942 12 621 464 -1 -1 -1 -1 
393 11 391 12 409 280 -1 -1 -1 -1 
394 10 946 11 620 482 -1 -1 -1 -1 
394 11 386 13 417 291 -1 -1 -1 -1 
395 10 952 14 610 494 -1 -1 -1 -1 
395 11 389 16 416 300 -1 -1 -1 -1 
396 10 935 18 634 505 -1 -1 -1 -1 
396 11 374 19 433 309 -1 -1 -1 -1 
397 10 935 21 622 517 -1 -1 -1 -1 
397 11 373 21 433 321 -1 -1 -1 -1 
398 10 928 19 626 530 -1 -1 -1 -1 
398 11 377 23 429 327 -1 -1 -1 -1 
399 10 921 18 646 541 -1 -1 -1 -1 
399 11 363 25 444 335 -1 -1 -1 -1 
400 10 919 16 655 559 -1 -1 -1 -1 
400 11 360 26 441 350 -1 -1 -1 -1 
401 10 933 17 628 576 -1 -1 -1 -1 
401 11 349 23 452 369 -1 -1 -1 -1 
402 10 923 17 618 592 -1 -1 -1 -1 
402 11 347 20 454 385 -1 -1 -1 -1 
403 10 910 18 632 607 -1 -1 -1 -1 
403 11 345 17 458 402 -1 -1 -1 -1 
404 10 895 17 650 622 -1 -1 -1 -1 
404 11 338 16 467 421 -1 -1 -1 -1 
405 10 879 21 679 628 -1 -1 -1 -1 
405 11 332 15 482 431 -1 -1 -1 -1 
406 10 881 22 689 644 -1 -1 -1 -1 
406 11 330 15 480 438 -1 -1 -1 -1 
407 10 891 25 684 664 -1 -1 -1 -1 
407 11 328 15 481 453 -1 -1 -1 -1 
408 10 895 38 671 671 -1 -1 -1 -1 
408 11 339 15 463 477 -1 -1 -1 -1 
409 10 881 52 696 672 -1 -1 -1 -1 
409 11 336 19 474 491 -1 -1 -1 -1 
410 10 894 63 670 675 -1 -1 -1 -1 
410 11 324 27 478 493 -1 -1 -1 -1 
411 10 891 76 665 679 -1 -1 -1 -1 
411 11 336 34 453 501 -1 -1 -1 -1 
412 10 887 90 683 690 -1 -1 -1 -1 
412 11 334 42 447 511 -1 -1 -1 -1 
413 10 885 108 697 691 -1 -1 -1 -1 
413 11 323 58 459 520 -1 -1 -1 -1 
414 10 876 129 718 684 -1 -1 -1 -1 
414 11 326 77 464 522 -1 -1 -1 -1 
415 10 884 149 689 680 -1 -1 -1 -1 
415 11 327 106 464 509 -1 -1 -1 -1 
416 10 874 166 694 680 -1 -1 -1 -1 
416 11 331 122 461 510 -1 -1 -1 -1 
417 10 877 184 667 680 -1 -1 -1 -1 
417 11 325 144 474 500 -1 -1 -1 -1 
418 10 866 205 683 680 -1 -1 -1 -1 
418 11 328 157 468 503 -1 -1 -1 -1 
419 10 869 228 686 675 -1 -1 -1 -1 
419 11 325 168 469 508 -1 -1 -1 -1 
420 10 864 244 705 675 -1 -1 -1 -1 
420 11 317 187 478 499 -1 -1 -1 -1 
421 10 874 255 670 676 -1 -1 -1 -1 
421 11 321 203 466 497 -1 -1 -1 -1 
422 10 860 271 720 672 -1 -1 -1 -1 
422 11 316 218 468 501 -1 -1 -1 -1 
423 10 864 290 720 661 -1 -1 -1 -1 
423 11 316 237 460 494 -1 -1 -1 -1 
424 10 868 307 707 674 -1 -1 -1 -1 
424 11 315 252 463 495 -1 -1 -1 -1 
425 10 870 325 671 674 -1 -1 -1 -1 
425 11 318 264 448 508 -1 -1 -1 -1 
426 10 864 340 669 673 -1 -1 -1 -1 
426 11 314 275 462 509 -1 -1 -1 -1 
427 10 856 357 683 667 -1 -1 -1 -1 
427 11 310 300 460 502 -1 -1 -1 -1 
428 10 846 381 703 654 -1 -1 -1 -1 
428 11 300 317 477 501 -1 -1 -1 -1 
429 10 845 399 715 645 -1 -1 -1 -1 
429 11 291 338 495 493 -1 -1 -1 -1 
430 10 841 418 719 637 -1 -1 -1 -1 
430 11 295 352 484 495 -1 -1 -1 -1 
431 10 835 436 725 625 -1 -1 -1 -1 
431 11 297 364 472 495 -1 -1 -1 -1 
432 10 831 456 729 609 -1 -1 -1 -1 
432 11 299 378 457 500 -1 -1 -1 -1 
433 10 830 473 728 596 -1 -1 -1 -1 
433 11 298 382 451 510 -1 -1 -1 -1 
434 10 832 491 715 580 -1 -1 -1 -1 
434 11 300 404 451 503 -1 -1 -1 -1 
435 10 821 510 737 561 -1 -1 -1 -1 
435 11 294 432 464 487 -1 -1 -1 -1 
436 10 825 524 736 549 -1 -1 -1 -1 
436 11 297 448 462 485 -1 -1 -1 -1 
437 10 821 539 734 540 -1 -1 -1 -1 
437 11 298 462 460 489 -1 -1 -1 -1 
438 10 808 560 750 519 -1 -1 -1 -1 
438 11 296 481 461 484 -1 -1 -1 -1 
439 10 808 578 749 501 -1 -1 -1 -1 
439 11 298 494 457 486 -1 -1 -1 -1 
440 10 807 607 751 472 -1 -1 -1 -1 
440 11 302 509 451 482 -1 -1 -1 -1 
441 10 814 624 744 455 -1 -1 -1 -1 
441 11 302 529 448 477 -1 -1 -1 -1 
442 10 816 640 736 439 -1 -1 -1 -1 
442 11 304 544 441 470 -1 -1 -1 -1 
443 10 809 655 743 424 -1 -1 -1 -1 
443 11 304 554 440 470 -1 -1 -1 -1 
444 10 814 678 732 401 -1 -1 -1 -1 
444 11 310 565 435 468 -1 -1 -1 -1 
445 10 832 698 712 381 -1 -1 -1 -1 
445 11 316 583 433 460 -1 -1 -1 -1 
446 10 843 727 693 352 -1 -1 -1 -1 
446 11 314 605 449 456 -1 -1 -1 -1 
447 10 872 756 536 323 -1 -1 -1 -1 
447 11 309 591 452 476 -1 -1 -1 -1 
448 10 833 763 690 316 -1 -1 -1 -1 
448 11 310 587 451 491 -1 -1 -1 -1 
449 10 842 783 671 296 -1 -1 -1 -1 
450 11 306 653 471 426 -1 -1 -1 -1 
451 11 331 673 427 406 -1 -1 -1 -1 
452 11 330 688 433 391 -1 -1 -1 -1 
453 11 324 702 441 377 -1 -1 -1 -1 
454 11 320 708 449 371 -1 -1 -1 -1 
455 11 313 730 460 349 -1 -1 -1 -1 
456 11 314 734 454 345 -1 -1 -1 -1 
457 11 309 752 463 327 -1 -1 -1 -1 
458 11 314 774 454 305 -1 -1 -1 -1 
459 11 314 779 452 300 -1 -1 -1 -1 
541 14 671 9 408 221 -1 -1 -1 -1 
542 14 641 8 443 236 -1 -1 -1 -1 
543 14 660 6 416 248 -1 -1 -1 -1 
544 14 682 3 390 264 -1 -1 -1 -1 
545 14 674 6 396 282 -1 -1 -1 -1 
546 14 650 7 427 310 -1 -1 -1 -1 
547 14 656 10 424 323 -1 -1 -1 -1 
548 14 647 11 428 337 -1 -1 -1 -1 
549 14 594 12 492 349 -1 -1 -1 -1 
550 14 584 10 492 375 -1 -1 -1 -1 
551 14 573 9 500 398 -1 -1 -1 -1 
552 14 570 11 500 415 -1 -1 -1 -1 
553 14 560 15 516 427 -1 -1 -1 -1 
554 14 569 20 506 436 -1 -1 -1 -1 
555 14 574 26 499 444 -1 -1 -1 -1 
556 14 578 28 491 466 -1 -1 -1 -1 
557 14 580 31 492 486 -1 -1 -1 -1 
558 14 582 38 488 495 -1 -1 -1 -1 
559 14 562 39 510 511 -1 -1 -1 -1 
560 14 557 45 507 523 -1 -1 -1 -1 
561 14 556 52 513 539 -1 -1 -1 -1 
562 14 552 59 516 549 -1 -1 -1 -1 
563 14 549 70 518 553 -1 -1 -1 -1 
564 14 546 86 523 559 -1 -1 -1 -1 
565 14 544 104 519 559 -1 -1 -1 -1 
566 14 536 119 531 562 -1 -1 -1 -1 
567 14 537 132 532 567 -1 -1 -1 -1 
568 14 535 146 534 568 -1 -1 -1 -1 
569 14 531 163 538 567 -1 -1 -1 -1 
570 14 533 181 526 564 -1 -1 -1 -1 
571 14 529 199 528 562 -1 -1 -1 -1 
572 14 534 215 518 564 -1 -1 -1 -1 
573 14 534 233 521 570 -1 -1 -1 -1 
574 14 530 250 530 568 -1 -1 -1 -1 
575 14 533 267 516 572 -1 -1 -1 -1 
576 14 525 276 531 578 -1 -1 -1 -1 
577 14 518 296 537 571 -1 -1 -1 -1 
578 14 517 313 532 574 -1 -1 -1 -1 
579 14 517 328 532 576 -1 -1 -1 -1 
580 14 525 340 524 578 -1 -1 -1 -1 
581 14 529 352 521 582 -1 -1 -1 -1 
582 14 536 370 509 582 -1 -1 -1 -1 
583 14 529 392 515 573 -1 -1 -1 -1 
584 14 528 409 513 576 -1 -1 -1 -1 
585 14 521 428 526 574 -1 -1 -1 -1 
586 14 522 444 530 567 -1 -1 -1 -1 
587 14 529 465 514 556 -1 -1 -1 -1 
588 14 518 481 522 558 -1 -1 -1 -1 
589 14 516 493 527 560 -1 -1 -1 -1 
590 14 511 511 521 549 -1 -1 -1 -1 
591 14 506 522 516 542 -1 -1 -1 -1 
592 14 497 538 526 530 -1 -1 -1 -1 
593 14 498 556 526 511 -1 -1 -1 -1 
594 14 497 571 524 497 -1 -1 -1 -1 
595 14 490 583 529 494 -1 -1 -1 -1 
596 14 483 603 543 476 -1 -1 -1 -1 
597 14 497 619 519 460 -1 -1 -1 -1 
598 14 401 632 631 447 -1 -1 -1 -1 
599 14 406 650 611 429 -1 -1 -1 -1 
600 14 424 667 585 412 -1 -1 -1 -1 
601 14 419 683 588 396 -1 -1 -1 -1 
602 14 408 705 600 374 -1 -1 -1 -1 
603 14 413 720 585 359 -1 -1 -1 -1 
604 14 420 733 582 346 -1 -1 -1 -1 
605 14 424 746 563 333 -1 -1 -1 -1 
606 14 449 763 514 316 -1 -1 -1 -1 
607 14 453 786 532 293 -1 -1 -1 -1 
771 15 1087 9 436 177 -1 -1 -1 -1 
772 15 1086 10 438 186 -1 -1 -1 -1 
773 15 1086 9 434 201 -1 -1 -1 -1 
774 15 1076 7 439 211 -1 -1 -1 -1 
775 15 1066 9 459 218 -1 -1 -1 -1 
776 15 1067 9 460 226 -1 -1 -1 -1 
777 15 1071 9 449 241 -1 -1 -1 -1 
778 15 1070 10 451 251 -1 -1 -1 -1 
779 15 1069 7 455 265 -1 -1 -1 -1 
780 15 1066 8 460 277 -1 -1 -1 -1 
781 15 1066 12 469 287 -1 -1 -1 -1 
782 15 1062 14 475 295 -1 -1 -1 -1 
783 15 1062 18 473 306 -1 -1 -1 -1 
784 15 1059 21 476 317 -1 -1 -1 -1 
785 15 1064 22 469 331 -1 -1 -1 -1 
786 15 1059 20 472 345 -1 -1 -1 -1 
787 15 1061 21 468 359 -1 -1 -1 -1 
788 15 1058 27 476 371 -1 -1 -1 -1 
789 15 1051 35 487 375 -1 -1 -1 -1 
790 15 1047 44 495 377 -1 -1 -1 -1 
791 15 1049 50 495 385 -1 -1 -1 -1 
792 15 1050 67 496 383 -1 -1 -1 -1 
793 15 1053 81 491 383 -1 -1 -1 -1 
794 15 1055 92 487 391 -1 -1 -1 -1 
795 15 1050 109 492 391 -1 -1 -1 -1 
796 15 1050 124 494 392 -1 -1 -1 -1 
797 15 1045 136 501 389 -1 -1 -1 -1 
798 15 1047 144 498 394 -1 -1 -1 -1 
799 15 1048 155 501 397 -1 -1 -1 -1 
800 15 1051 166 498 399 -1 -1 -1 -1 
801 15 1057 176 492 409 -1 -1 -1 -1 
802 15 1053 195 497 407 -1 -1 -1 -1 
803 15 1058 210 491 409 -1 -1 -1 -1 
804 15 1050 227 501 404 -1 -1 -1 -1 
805 15 1054 241 498 404 -1 -1 -1 -1 
806 15 1053 257 496 402 -1 -1 -1 -1 
807 15 1045 272 504 404 -1 -1 -1 -1 
808 15 1052 289 489 409 -1 -1 -1 -1 
809 15 1059 307 482 406 -1 -1 -1 -1 
810 15 1046 321 501 400 -1 -1 -1 -1 
811 15 1045 333 499 398 -1 -1 -1 -1 
812 15 1044 349 500 399 -1 -1 -1 -1 
813 15 1038 369 503 398 -1 -1 -1 -1 
814 15 1045 384 490 404 -1 -1 -1 -1 
815 15 1047 405 492 399 -1 -1 -1 -1 
816 15 1046 421 492 389 -1 -1 -1 -1 
817 15 1050 432 479 394 -1 -1 -1 -1 
818 15 1037 449 495 393 -1 -1 -1 -1 
819 15 1033 471 501 385 -1 -1 -1 -1 
820 15 1036 488 492 388 -1 -1 -1 -1 
821 15 1023 509 515 380 -1 -1 -1 -1 
822 15 1036 527 489 369 -1 -1 -1 -1 
823 15 1039 532 484 371 -1 -1 -1 -1 
824 15 1035 544 491 375 -1 -1 -1 -1 
825 15 1027 565 506 367 -1 -1 -1 -1 
826 15 1030 584 501 364 -1 -1 -1 -1 
827 15 1029 603 499 366 -1 -1 -1 -1 
828 15 1038 617 477 366 -1 -1 -1 -1 
829 15 1035 633 478 364 -1 -1 -1 -1 
830 15 1026 649 493 366 -1 -1 -1 -1 
831 15 1019 671 500 356 -1 -1 -1 -1 
832 15 1016 688 502 352 -1 -1 -1 -1 
833 15 1008 706 511 350 -1 -1 -1 -1 
834 15 1006 719 510 352 -1 -1 -1 -1 
835 15 1003 729 514 347 -1 -1 -1 -1 
836 15 998 743 517 335 -1 -1 -1 -1 
837 15 1000 759 505 320 -1 -1 -1 -1 
838 15 996 774 504 305 -1 -1 -1 -1 
839 15 989 791 510 288 -1 -1 -1 -1 
840 15 976 808 522 271 -1 -1 -1 -1 
841 15 982 824 512 255 -1 -1 -1 -1 
842 15 993 835 490 244 -1 -1 -1 -1 
843 15 977 850 514 229 -1 -1 -1 -1 
844 15 979 867 501 209 -1 -1 -1 -1 
845 15 975 882 504 196 -1 -1 -1 -1 
846 15 982 899 494 180 -1 -1 -1 -1 
