233 1 567 3 459 218 -1 -1 -1 -1 
234 1 560 3 466 228 -1 -1 -1 -1 
235 1 556 6 470 234 -1 -1 -1 -1 
236 1 552 6 477 249 -1 -1 -1 -1 
237 1 552 6 477 264 -1 -1 -1 -1 
238 1 553 8 476 275 -1 -1 -1 -1 
239 1 540 3 491 289 -1 -1 -1 -1 
240 1 532 3 497 303 -1 -1 -1 -1 
241 1 526 3 502 313 -1 -1 -1 -1 
242 1 528 5 494 324 -1 -1 -1 -1 
243 1 528 8 493 338 -1 -1 -1 -1 
244 1 525 10 490 351 -1 -1 -1 -1 
245 1 523 10 494 367 -1 -1 -1 -1 
246 1 523 11 494 380 -1 -1 -1 -1 
247 1 521 12 500 393 -1 -1 -1 -1 
248 1 518 15 504 405 -1 -1 -1 -1 
249 1 518 17 498 419 -1 -1 -1 -1 
250 1 513 19 503 435 -1 -1 -1 -1 
251 1 518 22 489 443 -1 -1 -1 -1 
252 1 512 25 491 456 -1 -1 -1 -1 
253 1 508 31 490 467 -1 -1 -1 -1 
254 1 501 43 501 470 -1 -1 -1 -1 
255 1 499 58 499 471 -1 -1 -1 -1 
256 1 498 81 495 465 -1 -1 -1 -1 
257 1 499 101 491 462 -1 -1 -1 -1 
258 1 494 111 494 471 -1 -1 -1 -1 
259 1 489 128 501 466 -1 -1 -1 -1 
260 1 489 144 499 462 -1 -1 -1 -1 
261 1 485 164 508 459 -1 -1 -1 -1 
262 1 490 181 498 461 -1 -1 -1 -1 
263 1 488 200 500 460 -1 -1 -1 -1 
264 1 483 212 506 466 -1 -1 -1 -1 
265 1 482 226 502 466 -1 -1 -1 -1 
266 1 478 242 510 461 -1 -1 -1 -1 
267 1 476 260 515 468 -1 -1 -1 -1 
268 1 479 281 512 472 -1 -1 -1 -1 
269 1 480 298 508 472 -1 -1 -1 -1 
270 1 481 310 500 478 -1 -1 -1 -1 
271 1 474 323 514 474 -1 -1 -1 -1 
272 1 474 337 512 469 -1 -1 -1 -1 
272 2 584 7 498 231 -1 -1 -1 -1 
273 1 471 358 517 461 -1 -1 -1 -1 
273 2 565 4 521 251 -1 -1 -1 -1 
274 1 472 383 515 459 -1 -1 -1 -1 
274 2 570 2 511 264 -1 -1 -1 -1 
275 1 476 396 507 462 -1 -1 -1 -1 
275 2 578 1 495 279 -1 -1 -1 -1 
276 1 471 408 512 460 -1 -1 -1 -1 
276 2 570 0 506 292 -1 -1 -1 -1 
277 1 470 423 507 459 -1 -1 -1 -1 
277 2 561 0 510 303 -1 -1 -1 -1 
278 1 465 442 514 454 -1 -1 -1 -1 
278 2 556 0 506 313 -1 -1 -1 -1 
279 1 470 462 507 452 -1 -1 -1 -1 
279 2 556 2 496 330 -1 -1 -1 -1 
280 1 472 482 503 460 -1 -1 -1 -1 
280 2 550 2 505 348 -1 -1 -1 -1 
281 1 469 497 505 464 -1 -1 -1 -1 
281 2 543 3 511 360 -1 -1 -1 -1 
282 1 467 513 509 465 -1 -1 -1 -1 
282 2 543 6 508 373 -1 -1 -1 -1 
283 1 466 527 507 462 -1 -1 -1 -1 
283 2 544 10 506 381 -1 -1 -1 -1 
284 1 463 551 508 448 -1 -1 -1 -1 
284 2 533 12 518 390 -1 -1 -1 -1 
285 1 467 577 496 433 -1 -1 -1 -1 
285 2 523 13 527 411 -1 -1 -1 -1 
286 1 468 591 487 444 -1 -1 -1 -1 
286 2 527 11 506 429 -1 -1 -1 -1 
287 1 460 605 498 442 -1 -1 -1 -1 
287 2 527 12 504 446 -1 -1 -1 -1 
288 1 457 623 497 433 -1 -1 -1 -1 
288 2 511 14 532 463 -1 -1 -1 -1 
289 1 453 649 507 412 -1 -1 -1 -1 
289 2 508 16 539 474 -1 -1 -1 -1 
290 1 457 664 495 402 -1 -1 -1 -1 
290 2 509 20 534 476 -1 -1 -1 -1 
291 1 456 685 500 388 -1 -1 -1 -1 
291 2 504 25 526 483 -1 -1 -1 -1 
292 1 457 703 500 372 -1 -1 -1 -1 
292 2 502 25 524 498 -1 -1 -1 -1 
293 1 458 727 495 351 -1 -1 -1 -1 
293 2 499 23 527 522 -1 -1 -1 -1 
294 1 461 740 485 339 -1 -1 -1 -1 
294 2 491 22 534 544 -1 -1 -1 -1 
295 1 455 757 491 322 -1 -1 -1 -1 
295 2 491 22 535 565 -1 -1 -1 -1 
296 1 457 772 481 306 -1 -1 -1 -1 
296 2 485 22 541 584 -1 -1 -1 -1 
297 1 456 779 475 297 -1 -1 -1 -1 
297 2 481 25 539 598 -1 -1 -1 -1 
298 1 454 795 481 280 -1 -1 -1 -1 
298 2 479 33 538 611 -1 -1 -1 -1 
298 3 896 5 411 328 -1 -1 -1 -1 
299 1 457 817 476 260 -1 -1 -1 -1 
299 2 458 43 578 612 -1 -1 -1 -1 
299 3 884 5 431 348 -1 -1 -1 -1 
299 4 1353 9 283 259 -1 -1 -1 -1 
300 1 466 834 467 245 -1 -1 -1 -1 
300 2 476 49 543 628 -1 -1 -1 -1 
300 3 874 5 446 353 -1 -1 -1 -1 
300 4 1346 6 301 302 -1 -1 -1 -1 
301 1 471 857 460 222 -1 -1 -1 -1 
301 2 471 47 553 645 -1 -1 -1 -1 
301 3 862 6 456 358 -1 -1 -1 -1 
301 4 1343 2 316 330 -1 -1 -1 -1 
302 1 471 870 450 207 -1 -1 -1 -1 
302 2 467 50 556 659 -1 -1 -1 -1 
302 3 863 4 454 369 -1 -1 -1 -1 
302 4 1340 7 325 328 -1 -1 -1 -1 
303 1 475 885 431 189 -1 -1 -1 -1 
303 2 454 50 567 674 -1 -1 -1 -1 
303 3 848 6 477 375 -1 -1 -1 -1 
303 4 1342 12 321 332 -1 -1 -1 -1 
304 1 475 904 429 170 -1 -1 -1 -1 
304 2 453 67 561 671 -1 -1 -1 -1 
304 3 837 6 489 368 -1 -1 -1 -1 
304 4 1323 18 350 322 -1 -1 -1 -1 
305 1 478 915 383 163 -1 -1 -1 -1 
305 2 442 100 568 659 -1 -1 -1 -1 
305 3 847 7 465 386 -1 -1 -1 -1 
305 4 1334 18 331 329 -1 -1 -1 -1 
306 1 468 924 388 155 -1 -1 -1 -1 
306 2 436 126 584 647 -1 -1 -1 -1 
306 3 833 9 487 393 -1 -1 -1 -1 
306 4 1334 19 332 340 -1 -1 -1 -1 
307 1 455 938 409 141 -1 -1 -1 -1 
307 2 452 138 555 663 -1 -1 -1 -1 
307 3 833 11 481 408 -1 -1 -1 -1 
307 4 1330 20 337 362 -1 -1 -1 -1 
308 1 464 954 383 125 -1 -1 -1 -1 
308 2 456 159 555 669 -1 -1 -1 -1 
308 3 834 13 480 420 -1 -1 -1 -1 
309 2 436 174 580 674 -1 -1 -1 -1 
309 3 837 14 472 436 -1 -1 -1 -1 
309 4 1324 22 349 382 -1 -1 -1 -1 
310 2 425 186 577 678 -1 -1 -1 -1 
310 3 849 16 461 441 -1 -1 -1 -1 
310 4 1330 20 335 400 -1 -1 -1 -1 
311 2 425 213 586 661 -1 -1 -1 -1 
311 3 846 17 472 486 -1 -1 -1 -1 
311 4 1334 19 335 409 -1 -1 -1 -1 
312 2 430 229 579 662 -1 -1 -1 -1 
312 3 849 21 474 519 -1 -1 -1 -1 
312 4 1333 19 336 423 -1 -1 -1 -1 
313 2 424 245 581 664 -1 -1 -1 -1 
313 3 821 22 515 527 -1 -1 -1 -1 
313 4 1332 20 344 435 -1 -1 -1 -1 
313 6 371 8 460 232 -1 -1 -1 -1 
314 2 416 258 586 666 -1 -1 -1 -1 
314 3 817 24 510 537 -1 -1 -1 -1 
314 4 1319 17 373 464 -1 -1 -1 -1 
314 6 369 8 455 242 -1 -1 -1 -1 
315 2 415 272 584 669 -1 -1 -1 -1 
315 3 804 24 521 566 -1 -1 -1 -1 
315 4 1313 14 384 482 -1 -1 -1 -1 
315 6 367 6 451 254 -1 -1 -1 -1 
316 2 412 285 584 673 -1 -1 -1 -1 
316 3 798 23 531 574 -1 -1 -1 -1 
316 4 1309 11 385 506 -1 -1 -1 -1 
316 6 358 2 426 270 -1 -1 -1 -1 
317 2 423 314 562 662 -1 -1 -1 -1 
317 3 795 21 531 590 -1 -1 -1 -1 
317 4 1323 12 357 519 -1 -1 -1 -1 
317 6 348 1 431 279 -1 -1 -1 -1 
318 2 420 337 566 662 -1 -1 -1 -1 
318 3 809 18 493 638 -1 -1 -1 -1 
318 4 1310 13 389 540 -1 -1 -1 -1 
318 6 343 2 423 307 -1 -1 -1 -1 
319 2 425 352 555 670 -1 -1 -1 -1 
319 3 796 25 510 639 -1 -1 -1 -1 
319 4 1309 15 395 554 -1 -1 -1 -1 
319 6 331 4 455 322 -1 -1 -1 -1 
320 2 417 365 568 674 -1 -1 -1 -1 
320 3 783 22 520 648 -1 -1 -1 -1 
320 4 1305 21 404 567 -1 -1 -1 -1 
320 6 325 7 450 332 -1 -1 -1 -1 
321 2 412 384 567 667 -1 -1 -1 -1 
321 3 765 23 557 668 -1 -1 -1 -1 
321 4 1310 27 399 581 -1 -1 -1 -1 
321 6 327 10 444 342 -1 -1 -1 -1 
322 2 419 400 562 661 -1 -1 -1 -1 
322 3 767 21 553 690 -1 -1 -1 -1 
322 4 1307 31 404 588 -1 -1 -1 -1 
322 6 319 10 458 351 -1 -1 -1 -1 
323 2 394 505 626 553 -1 -1 -1 -1 
323 3 762 20 553 714 -1 -1 -1 -1 
323 4 1313 30 394 603 -1 -1 -1 -1 
323 6 317 13 448 350 -1 -1 -1 -1 
324 2 436 483 532 583 -1 -1 -1 -1 
324 3 758 17 557 736 -1 -1 -1 -1 
324 4 1313 42 389 609 -1 -1 -1 -1 
324 6 316 15 431 367 -1 -1 -1 -1 
325 2 427 497 546 576 -1 -1 -1 -1 
325 3 751 40 565 733 -1 -1 -1 -1 
325 4 1317 46 384 614 -1 -1 -1 -1 
325 6 311 16 435 380 -1 -1 -1 -1 
326 2 409 619 607 453 -1 -1 -1 -1 
326 3 741 55 575 725 -1 -1 -1 -1 
326 4 1318 59 382 621 -1 -1 -1 -1 
326 6 315 18 412 391 -1 -1 -1 -1 
327 2 435 536 514 540 -1 -1 -1 -1 
327 3 739 75 575 722 -1 -1 -1 -1 
327 4 1316 80 386 616 -1 -1 -1 -1 
327 6 306 18 412 408 -1 -1 -1 -1 
328 2 421 523 532 553 -1 -1 -1 -1 
328 3 742 93 571 716 -1 -1 -1 -1 
328 4 1302 103 418 604 -1 -1 -1 -1 
328 6 306 18 412 421 -1 -1 -1 -1 
329 2 407 518 537 557 -1 -1 -1 -1 
329 3 735 95 578 738 -1 -1 -1 -1 
329 4 1308 121 406 597 -1 -1 -1 -1 
329 6 310 16 414 453 -1 -1 -1 -1 
330 2 395 529 542 547 -1 -1 -1 -1 
330 3 737 102 577 755 -1 -1 -1 -1 
330 4 1318 143 387 593 -1 -1 -1 -1 
330 6 302 22 431 475 -1 -1 -1 -1 
331 2 386 541 552 538 -1 -1 -1 -1 
331 3 736 112 582 760 -1 -1 -1 -1 
331 4 1313 158 386 603 -1 -1 -1 -1 
332 3 723 136 601 746 -1 -1 -1 -1 
332 4 1314 174 382 618 -1 -1 -1 -1 
332 6 289 35 445 491 -1 -1 -1 -1 
333 3 726 151 580 745 -1 -1 -1 -1 
333 4 1314 185 383 626 -1 -1 -1 -1 
333 6 286 49 443 487 -1 -1 -1 -1 
334 3 719 170 588 737 -1 -1 -1 -1 
334 4 1311 200 388 622 -1 -1 -1 -1 
334 6 283 60 443 487 -1 -1 -1 -1 
335 3 721 177 587 751 -1 -1 -1 -1 
335 4 1301 218 407 610 -1 -1 -1 -1 
335 6 284 77 415 488 -1 -1 -1 -1 
336 3 725 188 580 761 -1 -1 -1 -1 
336 4 1307 245 393 603 -1 -1 -1 -1 
336 6 274 97 432 474 -1 -1 -1 -1 
337 3 721 200 581 758 -1 -1 -1 -1 
337 4 1308 254 388 611 -1 -1 -1 -1 
337 6 270 111 451 482 -1 -1 -1 -1 
338 3 714 217 578 750 -1 -1 -1 -1 
338 4 1310 270 384 617 -1 -1 -1 -1 
338 6 267 124 454 479 -1 -1 -1 -1 
339 3 725 247 556 729 -1 -1 -1 -1 
339 4 1306 284 391 621 -1 -1 -1 -1 
339 6 262 137 462 472 -1 -1 -1 -1 
340 3 725 271 554 718 -1 -1 -1 -1 
340 4 1303 297 391 616 -1 -1 -1 -1 
340 6 258 154 466 464 -1 -1 -1 -1 
340 9 386 598 441 464 -1 -1 -1 -1 
341 3 715 287 562 709 -1 -1 -1 -1 
341 4 1304 319 386 609 -1 -1 -1 -1 
341 6 259 170 453 463 -1 -1 -1 -1 
341 9 384 623 430 429 -1 -1 -1 -1 
342 3 707 307 568 690 -1 -1 -1 -1 
342 4 1301 339 386 603 -1 -1 -1 -1 
342 6 258 178 426 460 -1 -1 -1 -1 
343 3 705 321 568 694 -1 -1 -1 -1 
343 4 1305 354 379 610 -1 -1 -1 -1 
343 6 257 197 424 458 -1 -1 -1 -1 
344 3 706 333 563 680 -1 -1 -1 -1 
344 4 1308 363 373 619 -1 -1 -1 -1 
344 6 254 213 427 449 -1 -1 -1 -1 
345 3 697 344 576 675 -1 -1 -1 -1 
345 4 1313 377 365 623 -1 -1 -1 -1 
345 6 251 222 424 451 -1 -1 -1 -1 
346 3 694 353 579 669 -1 -1 -1 -1 
346 4 1311 397 367 616 -1 -1 -1 -1 
346 6 246 236 430 437 -1 -1 -1 -1 
347 3 694 366 578 659 -1 -1 -1 -1 
347 4 1310 408 362 611 -1 -1 -1 -1 
347 6 250 243 415 446 -1 -1 -1 -1 
347 10 393 685 366 378 -1 -1 -1 -1 
348 3 694 382 570 644 -1 -1 -1 -1 
348 4 1301 427 366 601 -1 -1 -1 -1 
348 6 245 266 422 447 -1 -1 -1 -1 
348 10 382 701 383 357 -1 -1 -1 -1 
349 3 705 395 549 632 -1 -1 -1 -1 
349 4 1306 447 358 599 -1 -1 -1 -1 
349 6 241 281 432 447 -1 -1 -1 -1 
349 10 391 714 363 342 -1 -1 -1 -1 
350 3 704 409 544 629 -1 -1 -1 -1 
350 4 1300 456 362 603 -1 -1 -1 -1 
350 6 247 299 420 447 -1 -1 -1 -1 
350 10 373 732 368 328 -1 -1 -1 -1 
351 3 690 427 565 624 -1 -1 -1 -1 
351 4 1299 484 360 585 -1 -1 -1 -1 
351 6 246 308 413 461 -1 -1 -1 -1 
351 10 360 754 372 307 -1 -1 -1 -1 
352 3 687 444 568 614 -1 -1 -1 -1 
352 4 1302 504 350 569 -1 -1 -1 -1 
352 6 235 322 431 460 -1 -1 -1 -1 
353 3 673 464 580 595 -1 -1 -1 -1 
353 4 1302 520 345 554 -1 -1 -1 -1 
353 6 231 346 435 459 -1 -1 -1 -1 
354 3 681 485 562 577 -1 -1 -1 -1 
354 4 1289 534 374 541 -1 -1 -1 -1 
354 6 229 365 437 456 -1 -1 -1 -1 
355 3 679 503 562 560 -1 -1 -1 -1 
355 4 1288 541 369 535 -1 -1 -1 -1 
355 6 231 384 430 451 -1 -1 -1 -1 
356 3 680 508 545 557 -1 -1 -1 -1 
356 4 1282 554 371 523 -1 -1 -1 -1 
356 6 231 402 428 456 -1 -1 -1 -1 
357 3 678 524 541 541 -1 -1 -1 -1 
357 4 1281 572 367 505 -1 -1 -1 -1 
357 6 236 413 421 499 -1 -1 -1 -1 
358 3 682 549 526 517 -1 -1 -1 -1 
358 4 1284 591 352 488 -1 -1 -1 -1 
358 6 246 423 409 563 -1 -1 -1 -1 
359 3 687 562 520 504 -1 -1 -1 -1 
359 4 1268 602 375 476 -1 -1 -1 -1 
359 6 233 452 440 570 -1 -1 -1 -1 
360 3 687 580 524 486 -1 -1 -1 -1 
360 4 1269 618 364 457 -1 -1 -1 -1 
360 6 228 473 457 568 -1 -1 -1 -1 
361 3 689 599 517 473 -1 -1 -1 -1 
361 4 1241 639 389 432 -1 -1 -1 -1 
361 6 226 488 455 541 -1 -1 -1 -1 
362 3 678 614 535 459 -1 -1 -1 -1 
362 4 1239 660 376 414 -1 -1 -1 -1 
362 6 234 502 432 539 -1 -1 -1 -1 
363 3 693 632 510 444 -1 -1 -1 -1 
363 4 1235 673 377 400 -1 -1 -1 -1 
363 6 223 528 483 526 -1 -1 -1 -1 
364 3 694 650 509 428 -1 -1 -1 -1 
364 4 1227 687 385 388 -1 -1 -1 -1 
364 6 228 548 497 518 -1 -1 -1 -1 
365 3 687 673 520 404 -1 -1 -1 -1 
365 4 1221 701 384 374 -1 -1 -1 -1 
365 6 234 558 493 509 -1 -1 -1 -1 
366 3 694 687 515 390 -1 -1 -1 -1 
366 4 1219 723 383 348 -1 -1 -1 -1 
366 6 238 574 462 490 -1 -1 -1 -1 
367 3 714 707 496 369 -1 -1 -1 -1 
367 4 1231 741 364 331 -1 -1 -1 -1 
367 6 228 584 511 492 -1 -1 -1 -1 
368 3 700 726 503 345 -1 -1 -1 -1 
368 4 1226 748 369 322 -1 -1 -1 -1 
368 6 251 590 432 484 -1 -1 -1 -1 
369 3 697 742 493 331 -1 -1 -1 -1 
369 4 1224 763 368 307 -1 -1 -1 -1 
369 6 240 606 437 467 -1 -1 -1 -1 
370 3 693 761 497 311 -1 -1 -1 -1 
370 4 1218 777 369 295 -1 -1 -1 -1 
370 6 237 616 434 451 -1 -1 -1 -1 
371 3 689 775 499 296 -1 -1 -1 -1 
371 4 1219 786 359 285 -1 -1 -1 -1 
371 6 240 622 425 441 -1 -1 -1 -1 
372 3 678 787 516 285 -1 -1 -1 -1 
372 4 1226 802 347 275 -1 -1 -1 -1 
372 6 240 638 417 427 -1 -1 -1 -1 
373 3 679 801 519 273 -1 -1 -1 -1 
373 4 1231 815 337 264 -1 -1 -1 -1 
373 6 241 655 425 418 -1 -1 -1 -1 
374 3 675 819 531 259 -1 -1 -1 -1 
374 4 1239 828 320 251 -1 -1 -1 -1 
374 6 249 673 421 402 -1 -1 -1 -1 
375 3 683 836 513 243 -1 -1 -1 -1 
375 4 1242 843 309 236 -1 -1 -1 -1 
376 6 245 702 422 374 -1 -1 -1 -1 
377 6 243 721 427 354 -1 -1 -1 -1 
377 11 974 3 575 258 -1 -1 -1 -1 
378 6 241 730 426 344 -1 -1 -1 -1 
378 11 973 1 574 271 -1 -1 -1 -1 
379 6 241 741 428 337 -1 -1 -1 -1 
379 11 965 3 594 276 -1 -1 -1 -1 
380 6 243 756 423 323 -1 -1 -1 -1 
381 11 969 8 595 298 -1 -1 -1 -1 
382 11 970 10 580 305 -1 -1 -1 -1 
383 11 969 10 580 317 -1 -1 -1 -1 
384 11 971 11 574 329 -1 -1 -1 -1 
385 11 974 9 572 345 -1 -1 -1 -1 
386 11 969 6 577 359 -1 -1 -1 -1 
387 11 968 5 570 374 -1 -1 -1 -1 
388 11 964 5 586 386 -1 -1 -1 -1 
389 11 956 7 603 402 -1 -1 -1 -1 
389 12 403 11 401 217 -1 -1 -1 -1 
390 11 957 9 605 418 -1 -1 -1 -1 
390 12 391 10 416 235 -1 -1 -1 -1 
391 11 945 8 618 436 -1 -1 -1 -1 
391 12 380 9 429 252 -1 -1 -1 -1 
392 11 942 5 622 461 -1 -1 -1 -1 
392 12 379 9 428 265 -1 -1 -1 -1 
393 11 936 4 632 477 -1 -1 -1 -1 
393 12 358 10 467 274 -1 -1 -1 -1 
394 11 933 5 639 488 -1 -1 -1 -1 
394 12 356 4 457 291 -1 -1 -1 -1 
395 11 942 5 625 494 -1 -1 -1 -1 
395 12 359 5 452 303 -1 -1 -1 -1 
396 11 951 6 612 506 -1 -1 -1 -1 
396 12 353 7 458 312 -1 -1 -1 -1 
397 11 944 7 622 518 -1 -1 -1 -1 
397 12 357 11 449 323 -1 -1 -1 -1 
398 11 931 10 631 527 -1 -1 -1 -1 
398 12 360 15 448 335 -1 -1 -1 -1 
399 11 931 11 631 544 -1 -1 -1 -1 
399 12 351 17 460 350 -1 -1 -1 -1 
400 11 923 14 642 562 -1 -1 -1 -1 
400 12 347 19 465 359 -1 -1 -1 -1 
401 11 900 11 667 575 -1 -1 -1 -1 
401 12 337 18 478 369 -1 -1 -1 -1 
402 11 899 8 663 591 -1 -1 -1 -1 
402 12 340 19 469 382 -1 -1 -1 -1 
403 11 893 8 671 604 -1 -1 -1 -1 
403 12 337 19 472 393 -1 -1 -1 -1 
404 11 876 11 694 620 -1 -1 -1 -1 
404 12 335 18 475 409 -1 -1 -1 -1 
405 11 874 15 691 638 -1 -1 -1 -1 
405 12 332 18 477 420 -1 -1 -1 -1 
406 11 878 17 691 655 -1 -1 -1 -1 
406 12 334 14 465 438 -1 -1 -1 -1 
407 11 878 21 691 669 -1 -1 -1 -1 
407 12 330 17 473 451 -1 -1 -1 -1 
408 11 883 30 689 671 -1 -1 -1 -1 
408 12 329 20 466 470 -1 -1 -1 -1 
409 11 893 39 671 678 -1 -1 -1 -1 
409 12 325 19 470 490 -1 -1 -1 -1 
410 11 892 54 670 677 -1 -1 -1 -1 
410 12 318 21 476 505 -1 -1 -1 -1 
411 11 887 74 675 672 -1 -1 -1 -1 
411 12 310 30 488 509 -1 -1 -1 -1 
412 11 880 97 694 671 -1 -1 -1 -1 
412 12 308 49 490 508 -1 -1 -1 -1 
413 11 877 116 704 670 -1 -1 -1 -1 
413 12 312 62 467 514 -1 -1 -1 -1 
414 11 893 124 673 685 -1 -1 -1 -1 
414 12 308 81 480 515 -1 -1 -1 -1 
415 11 890 140 677 689 -1 -1 -1 -1 
415 12 307 95 479 520 -1 -1 -1 -1 
416 11 876 159 700 687 -1 -1 -1 -1 
416 12 317 109 456 524 -1 -1 -1 -1 
417 11 874 182 707 686 -1 -1 -1 -1 
417 12 299 133 506 508 -1 -1 -1 -1 
418 11 870 200 710 683 -1 -1 -1 -1 
418 12 307 151 492 504 -1 -1 -1 -1 
419 11 875 217 699 681 -1 -1 -1 -1 
419 12 320 164 456 504 -1 -1 -1 -1 
420 11 881 231 684 678 -1 -1 -1 -1 
420 12 307 186 478 493 -1 -1 -1 -1 
421 11 879 249 689 677 -1 -1 -1 -1 
421 12 311 202 469 491 -1 -1 -1 -1 
422 11 872 266 700 675 -1 -1 -1 -1 
422 12 311 213 466 497 -1 -1 -1 -1 
423 11 867 292 700 670 -1 -1 -1 -1 
423 12 300 231 484 493 -1 -1 -1 -1 
424 11 862 315 711 666 -1 -1 -1 -1 
424 12 307 250 471 493 -1 -1 -1 -1 
425 11 872 328 683 674 -1 -1 -1 -1 
425 12 308 263 460 501 -1 -1 -1 -1 
426 11 872 341 688 676 -1 -1 -1 -1 
426 12 309 275 459 506 -1 -1 -1 -1 
427 11 860 359 709 670 -1 -1 -1 -1 
427 12 300 287 474 509 -1 -1 -1 -1 
428 11 859 377 710 663 -1 -1 -1 -1 
428 12 290 309 483 499 -1 -1 -1 -1 
429 11 851 399 722 653 -1 -1 -1 -1 
429 12 287 329 490 496 -1 -1 -1 -1 
430 11 845 425 730 636 -1 -1 -1 -1 
430 12 296 338 479 508 -1 -1 -1 -1 
431 11 848 435 718 628 -1 -1 -1 -1 
431 12 300 355 471 508 -1 -1 -1 -1 
432 11 848 447 721 623 -1 -1 -1 -1 
432 12 305 368 455 511 -1 -1 -1 -1 
433 11 846 462 726 612 -1 -1 -1 -1 
433 12 296 382 470 508 -1 -1 -1 -1 
434 11 840 482 734 596 -1 -1 -1 -1 
434 12 294 400 472 503 -1 -1 -1 -1 
435 11 829 503 737 573 -1 -1 -1 -1 
435 12 297 419 469 495 -1 -1 -1 -1 
436 11 829 518 732 554 -1 -1 -1 -1 
436 12 306 428 452 498 -1 -1 -1 -1 
437 11 831 533 725 539 -1 -1 -1 -1 
437 12 313 442 446 501 -1 -1 -1 -1 
438 11 840 559 715 519 -1 -1 -1 -1 
438 12 315 461 442 500 -1 -1 -1 -1 
439 11 845 584 712 495 -1 -1 -1 -1 
439 12 327 481 422 495 -1 -1 -1 -1 
440 11 861 607 687 472 -1 -1 -1 -1 
440 12 325 496 430 499 -1 -1 -1 -1 
441 11 852 626 698 449 -1 -1 -1 -1 
441 12 319 513 434 497 -1 -1 -1 -1 
442 11 851 642 697 431 -1 -1 -1 -1 
442 12 315 528 439 493 -1 -1 -1 -1 
443 11 849 659 699 415 -1 -1 -1 -1 
443 12 309 540 442 494 -1 -1 -1 -1 
444 11 848 682 703 393 -1 -1 -1 -1 
444 12 308 556 440 491 -1 -1 -1 -1 
445 11 859 702 690 374 -1 -1 -1 -1 
445 12 299 573 453 486 -1 -1 -1 -1 
446 11 860 731 691 347 -1 -1 -1 -1 
446 12 296 598 455 469 -1 -1 -1 -1 
447 11 872 748 672 331 -1 -1 -1 -1 
447 12 299 594 446 476 -1 -1 -1 -1 
448 11 841 776 702 297 -1 -1 -1 -1 
448 12 292 586 457 484 -1 -1 -1 -1 
449 11 850 799 666 275 -1 -1 -1 -1 
449 12 283 630 480 439 -1 -1 -1 -1 
450 11 904 799 595 280 -1 -1 -1 -1 
450 12 303 660 453 410 -1 -1 -1 -1 
451 11 916 818 571 261 -1 -1 -1 -1 
452 12 315 701 448 374 -1 -1 -1 -1 
453 12 319 714 442 361 -1 -1 -1 -1 
454 12 316 713 443 364 -1 -1 -1 -1 
455 12 313 713 445 366 -1 -1 -1 -1 
456 12 308 725 446 354 -1 -1 -1 -1 
457 12 303 739 455 338 -1 -1 -1 -1 
458 12 310 753 454 324 -1 -1 -1 -1 
545 13 506 6 593 344 -1 -1 -1 -1 
546 13 506 8 592 356 -1 -1 -1 -1 
547 13 558 11 523 357 -1 -1 -1 -1 
548 13 549 12 544 364 -1 -1 -1 -1 
549 13 571 13 514 365 -1 -1 -1 -1 
550 13 571 11 516 382 -1 -1 -1 -1 
551 13 587 11 492 402 -1 -1 -1 -1 
552 13 588 9 502 411 -1 -1 -1 -1 
553 13 589 11 491 423 -1 -1 -1 -1 
554 13 584 12 487 451 -1 -1 -1 -1 
555 13 576 17 499 465 -1 -1 -1 -1 
556 13 576 20 498 478 -1 -1 -1 -1 
557 13 567 23 501 500 -1 -1 -1 -1 
558 13 551 23 521 518 -1 -1 -1 -1 
559 13 518 23 554 534 -1 -1 -1 -1 
560 13 505 28 562 548 -1 -1 -1 -1 
561 13 530 38 528 551 -1 -1 -1 -1 
562 13 548 46 505 563 -1 -1 -1 -1 
563 13 532 59 535 564 -1 -1 -1 -1 
564 13 526 77 543 559 -1 -1 -1 -1 
565 13 524 96 541 561 -1 -1 -1 -1 
566 13 531 111 531 558 -1 -1 -1 -1 
567 13 532 126 525 563 -1 -1 -1 -1 
568 13 535 137 521 567 -1 -1 -1 -1 
569 13 535 154 523 565 -1 -1 -1 -1 
570 13 533 175 523 568 -1 -1 -1 -1 
571 13 531 192 525 569 -1 -1 -1 -1 
572 13 533 204 521 572 -1 -1 -1 -1 
573 13 526 216 528 576 -1 -1 -1 -1 
574 13 526 231 525 574 -1 -1 -1 -1 
575 13 516 248 535 577 -1 -1 -1 -1 
576 13 515 271 535 570 -1 -1 -1 -1 
577 13 513 285 535 569 -1 -1 -1 -1 
578 13 509 299 532 575 -1 -1 -1 -1 
579 13 516 318 525 568 -1 -1 -1 -1 
580 13 514 331 527 567 -1 -1 -1 -1 
581 13 505 352 535 574 -1 -1 -1 -1 
582 13 497 372 546 564 -1 -1 -1 -1 
583 13 508 386 528 562 -1 -1 -1 -1 
584 13 504 402 530 567 -1 -1 -1 -1 
585 13 509 411 524 582 -1 -1 -1 -1 
586 13 497 425 537 584 -1 -1 -1 -1 
587 13 467 442 576 583 -1 -1 -1 -1 
588 13 476 459 560 582 -1 -1 -1 -1 
589 13 499 486 532 562 -1 -1 -1 -1 
590 13 493 495 541 559 -1 -1 -1 -1 
591 13 434 506 618 554 -1 -1 -1 -1 
592 13 472 518 561 545 -1 -1 -1 -1 
593 13 462 533 578 532 -1 -1 -1 -1 
594 13 447 559 596 504 -1 -1 -1 -1 
595 13 454 579 571 492 -1 -1 -1 -1 
596 13 461 595 556 481 -1 -1 -1 -1 
597 13 424 612 608 466 -1 -1 -1 -1 
598 13 390 633 643 443 -1 -1 -1 -1 
599 13 386 654 639 422 -1 -1 -1 -1 
600 13 385 677 642 396 -1 -1 -1 -1 
601 13 404 696 619 376 -1 -1 -1 -1 
602 13 421 709 602 365 -1 -1 -1 -1 
603 13 422 726 602 348 -1 -1 -1 -1 
604 13 410 743 618 331 -1 -1 -1 -1 
605 13 412 758 619 314 -1 -1 -1 -1 
606 13 408 777 615 291 -1 -1 -1 -1 
607 13 411 791 591 278 -1 -1 -1 -1 
608 13 407 804 590 268 -1 -1 -1 -1 
778 14 1058 10 510 250 -1 -1 -1 -1 
779 14 1056 10 517 261 -1 -1 -1 -1 
780 14 1054 11 520 271 -1 -1 -1 -1 
781 14 1058 12 513 286 -1 -1 -1 -1 
782 14 1059 14 511 298 -1 -1 -1 -1 
783 14 1064 20 504 310 -1 -1 -1 -1 
784 14 1061 18 504 316 -1 -1 -1 -1 
785 14 1061 20 499 330 -1 -1 -1 -1 
786 14 1062 20 492 345 -1 -1 -1 -1 
787 14 1061 19 491 357 -1 -1 -1 -1 
788 14 1064 23 485 366 -1 -1 -1 -1 
789 14 1067 28 479 376 -1 -1 -1 -1 
790 14 1065 38 482 378 -1 -1 -1 -1 
791 14 1077 43 468 388 -1 -1 -1 -1 
792 14 1060 65 498 382 -1 -1 -1 -1 
793 14 1064 82 490 380 -1 -1 -1 -1 
794 14 1056 94 502 381 -1 -1 -1 -1 
795 14 1058 105 498 384 -1 -1 -1 -1 
796 14 1063 120 491 384 -1 -1 -1 -1 
797 14 1062 134 488 382 -1 -1 -1 -1 
798 14 1060 145 490 383 -1 -1 -1 -1 
799 14 1054 156 491 388 -1 -1 -1 -1 
800 14 1056 174 496 388 -1 -1 -1 -1 
801 14 1060 187 495 390 -1 -1 -1 -1 
802 14 1058 204 498 388 -1 -1 -1 -1 
803 14 1067 222 484 383 -1 -1 -1 -1 
804 14 1064 235 481 383 -1 -1 -1 -1 
805 14 1062 243 480 395 -1 -1 -1 -1 
806 14 1061 257 484 398 -1 -1 -1 -1 
807 14 1051 273 499 396 -1 -1 -1 -1 
808 14 1055 288 493 397 -1 -1 -1 -1 
809 14 1056 303 490 396 -1 -1 -1 -1 
810 14 1055 324 492 387 -1 -1 -1 -1 
811 14 1060 339 478 389 -1 -1 -1 -1 
812 14 1049 349 492 399 -1 -1 -1 -1 
813 14 1040 375 509 386 -1 -1 -1 -1 
814 14 1050 391 495 384 -1 -1 -1 -1 
815 14 1049 407 499 379 -1 -1 -1 -1 
816 14 1048 426 494 374 -1 -1 -1 -1 
817 14 1055 434 475 381 -1 -1 -1 -1 
818 14 1046 444 483 392 -1 -1 -1 -1 
819 14 1031 470 512 380 -1 -1 -1 -1 
820 14 1035 490 502 370 -1 -1 -1 -1 
821 14 1037 504 500 369 -1 -1 -1 -1 
822 14 1034 523 503 362 -1 -1 -1 -1 
823 14 1036 534 495 362 -1 -1 -1 -1 
824 14 1044 541 481 374 -1 -1 -1 -1 
825 14 1031 567 504 366 -1 -1 -1 -1 
826 14 1037 585 495 364 -1 -1 -1 -1 
827 14 1037 600 498 366 -1 -1 -1 -1 
828 14 1041 615 490 372 -1 -1 -1 -1 
829 14 1039 628 486 376 -1 -1 -1 -1 
830 14 1030 638 490 381 -1 -1 -1 -1 
831 14 1024 660 500 374 -1 -1 -1 -1 
832 14 1027 681 495 366 -1 -1 -1 -1 
833 14 1025 702 496 356 -1 -1 -1 -1 
834 14 1018 722 498 346 -1 -1 -1 -1 
835 14 1012 737 503 338 -1 -1 -1 -1 
836 14 1002 750 519 327 -1 -1 -1 -1 
837 14 1003 765 512 311 -1 -1 -1 -1 
838 14 1008 777 504 298 -1 -1 -1 -1 
839 14 990 790 518 289 -1 -1 -1 -1 
840 14 993 809 510 270 -1 -1 -1 -1 
841 14 981 824 518 255 -1 -1 -1 -1 
842 14 974 842 525 237 -1 -1 -1 -1 
843 14 982 859 509 220 -1 -1 -1 -1 
844 14 988 877 494 202 -1 -1 -1 -1 
845 14 997 890 478 189 -1 -1 -1 -1 
846 14 994 897 484 182 -1 -1 -1 -1 
