233 1 559 3 474 218 -1 -1 -1 -1 
234 1 556 5 476 226 -1 -1 -1 -1 
235 1 553 7 478 234 -1 -1 -1 -1 
236 1 549 7 484 251 -1 -1 -1 -1 
237 1 549 7 484 265 -1 -1 -1 -1 
238 1 541 5 506 275 -1 -1 -1 -1 
239 1 542 4 501 287 -1 -1 -1 -1 
240 1 536 9 497 294 -1 -1 -1 -1 
241 1 532 10 496 303 -1 -1 -1 -1 
242 1 535 8 486 322 -1 -1 -1 -1 
243 1 539 7 487 342 -1 -1 -1 -1 
244 1 542 7 477 362 -1 -1 -1 -1 
245 1 539 5 481 382 -1 -1 -1 -1 
246 1 526 7 500 393 -1 -1 -1 -1 
247 1 518 11 511 403 -1 -1 -1 -1 
248 1 518 13 510 413 -1 -1 -1 -1 
249 1 520 15 501 427 -1 -1 -1 -1 
250 1 515 17 507 441 -1 -1 -1 -1 
251 1 516 18 504 456 -1 -1 -1 -1 
252 1 516 23 491 464 -1 -1 -1 -1 
253 1 513 30 489 472 -1 -1 -1 -1 
254 1 504 43 501 475 -1 -1 -1 -1 
255 1 500 60 505 475 -1 -1 -1 -1 
256 1 497 80 504 474 -1 -1 -1 -1 
257 1 494 96 507 474 -1 -1 -1 -1 
258 1 493 110 503 476 -1 -1 -1 -1 
259 1 488 129 509 468 -1 -1 -1 -1 
260 1 489 146 506 463 -1 -1 -1 -1 
261 1 477 168 533 460 -1 -1 -1 -1 
262 1 484 179 513 470 -1 -1 -1 -1 
263 1 479 195 522 469 -1 -1 -1 -1 
264 1 480 210 516 470 -1 -1 -1 -1 
265 1 479 229 512 463 -1 -1 -1 -1 
266 1 474 247 522 457 -1 -1 -1 -1 
267 1 472 264 525 463 -1 -1 -1 -1 
268 1 475 283 521 469 -1 -1 -1 -1 
269 1 476 300 519 466 -1 -1 -1 -1 
270 1 479 312 507 472 -1 -1 -1 -1 
271 1 473 326 518 469 -1 -1 -1 -1 
272 1 472 343 520 462 -1 -1 -1 -1 
272 2 581 10 501 236 -1 -1 -1 -1 
273 1 463 361 535 462 -1 -1 -1 -1 
273 2 554 7 534 249 -1 -1 -1 -1 
274 1 466 382 528 462 -1 -1 -1 -1 
274 2 564 5 517 260 -1 -1 -1 -1 
275 1 470 396 521 462 -1 -1 -1 -1 
275 2 576 3 497 275 -1 -1 -1 -1 
276 1 468 410 520 458 -1 -1 -1 -1 
276 2 567 0 513 291 -1 -1 -1 -1 
277 1 466 427 518 455 -1 -1 -1 -1 
277 2 557 0 512 302 -1 -1 -1 -1 
278 1 462 447 524 448 -1 -1 -1 -1 
278 2 549 0 512 314 -1 -1 -1 -1 
279 1 463 463 520 455 -1 -1 -1 -1 
279 2 550 2 501 329 -1 -1 -1 -1 
280 1 465 481 518 462 -1 -1 -1 -1 
280 2 546 0 507 351 -1 -1 -1 -1 
281 1 466 499 513 460 -1 -1 -1 -1 
281 2 539 1 517 365 -1 -1 -1 -1 
282 1 468 515 511 462 -1 -1 -1 -1 
282 2 538 2 515 382 -1 -1 -1 -1 
283 1 465 531 513 457 -1 -1 -1 -1 
283 2 538 4 515 393 -1 -1 -1 -1 
284 1 459 551 518 452 -1 -1 -1 -1 
284 2 525 7 531 403 -1 -1 -1 -1 
285 1 459 575 518 436 -1 -1 -1 -1 
285 2 517 7 536 423 -1 -1 -1 -1 
286 1 461 590 504 442 -1 -1 -1 -1 
286 2 515 9 533 442 -1 -1 -1 -1 
287 1 458 605 504 443 -1 -1 -1 -1 
287 2 515 10 533 458 -1 -1 -1 -1 
288 1 454 627 508 431 -1 -1 -1 -1 
288 2 509 12 539 469 -1 -1 -1 -1 
289 1 453 651 513 414 -1 -1 -1 -1 
289 2 506 15 543 476 -1 -1 -1 -1 
290 1 452 664 509 405 -1 -1 -1 -1 
290 2 505 15 539 488 -1 -1 -1 -1 
291 1 451 684 514 390 -1 -1 -1 -1 
291 2 495 21 543 494 -1 -1 -1 -1 
292 1 453 704 513 373 -1 -1 -1 -1 
292 2 493 21 541 510 -1 -1 -1 -1 
293 1 453 726 509 352 -1 -1 -1 -1 
293 2 487 24 549 528 -1 -1 -1 -1 
294 1 456 741 499 337 -1 -1 -1 -1 
294 2 479 26 554 545 -1 -1 -1 -1 
295 1 453 756 500 320 -1 -1 -1 -1 
295 2 484 26 544 565 -1 -1 -1 -1 
296 1 453 771 492 303 -1 -1 -1 -1 
296 2 475 25 554 584 -1 -1 -1 -1 
297 1 447 782 497 290 -1 -1 -1 -1 
297 2 471 33 553 595 -1 -1 -1 -1 
298 1 448 799 499 272 -1 -1 -1 -1 
298 2 461 50 576 594 -1 -1 -1 -1 
299 1 454 818 486 256 -1 -1 -1 -1 
299 2 474 56 550 609 -1 -1 -1 -1 
299 4 1360 6 275 259 -1 -1 -1 -1 
300 1 462 834 479 245 -1 -1 -1 -1 
300 2 472 71 551 610 -1 -1 -1 -1 
300 4 1345 9 300 263 -1 -1 -1 -1 
300 5 875 4 437 334 -1 -1 -1 -1 
301 1 472 849 461 230 -1 -1 -1 -1 
301 2 468 71 556 622 -1 -1 -1 -1 
301 4 1362 2 289 305 -1 -1 -1 -1 
301 5 863 4 454 344 -1 -1 -1 -1 
302 1 462 865 474 214 -1 -1 -1 -1 
302 2 465 80 556 627 -1 -1 -1 -1 
302 4 1356 0 310 318 -1 -1 -1 -1 
302 5 875 4 442 354 -1 -1 -1 -1 
303 1 464 883 459 194 -1 -1 -1 -1 
303 2 454 78 565 645 -1 -1 -1 -1 
303 4 1356 2 313 325 -1 -1 -1 -1 
303 5 852 3 474 374 -1 -1 -1 -1 
304 1 467 902 452 173 -1 -1 -1 -1 
304 2 453 89 562 648 -1 -1 -1 -1 
304 4 1348 11 312 320 -1 -1 -1 -1 
304 5 828 3 504 369 -1 -1 -1 -1 
305 1 477 914 392 165 -1 -1 -1 -1 
305 2 443 125 568 625 -1 -1 -1 -1 
305 4 1341 15 327 319 -1 -1 -1 -1 
305 5 827 6 492 379 -1 -1 -1 -1 
306 1 469 923 395 156 -1 -1 -1 -1 
306 2 436 152 575 613 -1 -1 -1 -1 
306 4 1344 18 323 326 -1 -1 -1 -1 
306 5 829 8 490 391 -1 -1 -1 -1 
307 1 477 938 372 141 -1 -1 -1 -1 
307 2 435 170 570 615 -1 -1 -1 -1 
307 4 1344 20 323 347 -1 -1 -1 -1 
308 2 448 200 552 617 -1 -1 -1 -1 
308 4 1337 21 334 361 -1 -1 -1 -1 
308 5 816 11 503 405 -1 -1 -1 -1 
309 2 434 215 566 628 -1 -1 -1 -1 
309 4 1341 20 333 371 -1 -1 -1 -1 
309 5 825 14 488 406 -1 -1 -1 -1 
310 2 423 224 575 627 -1 -1 -1 -1 
310 4 1340 17 330 396 -1 -1 -1 -1 
310 5 842 17 465 417 -1 -1 -1 -1 
311 2 426 240 580 629 -1 -1 -1 -1 
311 4 1341 17 334 408 -1 -1 -1 -1 
311 5 840 18 478 457 -1 -1 -1 -1 
311 6 381 12 426 196 -1 -1 -1 -1 
312 2 425 247 581 647 -1 -1 -1 -1 
312 4 1337 16 338 425 -1 -1 -1 -1 
312 5 847 21 473 498 -1 -1 -1 -1 
312 6 366 12 462 205 -1 -1 -1 -1 
313 2 416 260 589 650 -1 -1 -1 -1 
313 4 1334 17 350 438 -1 -1 -1 -1 
313 5 817 22 518 511 -1 -1 -1 -1 
313 6 369 10 454 229 -1 -1 -1 -1 
314 2 409 270 593 654 -1 -1 -1 -1 
314 4 1319 19 374 455 -1 -1 -1 -1 
314 5 803 28 525 522 -1 -1 -1 -1 
314 6 369 10 442 240 -1 -1 -1 -1 
315 2 419 295 571 647 -1 -1 -1 -1 
315 4 1314 18 389 468 -1 -1 -1 -1 
315 5 807 25 498 552 -1 -1 -1 -1 
315 6 362 8 450 254 -1 -1 -1 -1 
316 2 413 313 579 642 -1 -1 -1 -1 
316 4 1312 16 386 492 -1 -1 -1 -1 
316 5 797 21 512 560 -1 -1 -1 -1 
316 6 349 5 440 268 -1 -1 -1 -1 
317 2 417 335 569 637 -1 -1 -1 -1 
317 4 1313 16 386 510 -1 -1 -1 -1 
317 5 795 20 510 583 -1 -1 -1 -1 
317 6 344 5 441 279 -1 -1 -1 -1 
318 2 414 355 574 642 -1 -1 -1 -1 
318 4 1315 20 388 526 -1 -1 -1 -1 
318 5 794 23 509 612 -1 -1 -1 -1 
318 6 341 4 428 299 -1 -1 -1 -1 
319 2 418 369 564 652 -1 -1 -1 -1 
319 4 1314 24 395 537 -1 -1 -1 -1 
319 5 785 27 520 615 -1 -1 -1 -1 
319 6 334 6 457 315 -1 -1 -1 -1 
320 2 420 388 556 654 -1 -1 -1 -1 
320 4 1309 31 404 549 -1 -1 -1 -1 
320 5 773 28 530 617 -1 -1 -1 -1 
320 6 328 8 450 325 -1 -1 -1 -1 
321 2 404 426 584 632 -1 -1 -1 -1 
321 4 1313 33 399 567 -1 -1 -1 -1 
321 5 767 40 545 633 -1 -1 -1 -1 
321 6 329 10 447 336 -1 -1 -1 -1 
322 2 409 452 578 611 -1 -1 -1 -1 
322 4 1306 36 408 578 -1 -1 -1 -1 
322 5 763 42 546 654 -1 -1 -1 -1 
322 6 326 13 451 347 -1 -1 -1 -1 
323 2 399 508 608 553 -1 -1 -1 -1 
323 4 1314 34 392 597 -1 -1 -1 -1 
323 5 753 44 552 673 -1 -1 -1 -1 
323 6 319 15 444 344 -1 -1 -1 -1 
324 2 419 494 553 574 -1 -1 -1 -1 
324 4 1308 55 405 590 -1 -1 -1 -1 
324 5 747 44 560 686 -1 -1 -1 -1 
324 6 316 17 426 362 -1 -1 -1 -1 
325 2 411 504 564 570 -1 -1 -1 -1 
325 4 1319 63 392 591 -1 -1 -1 -1 
325 5 748 52 559 697 -1 -1 -1 -1 
325 6 308 17 436 377 -1 -1 -1 -1 
326 2 400 551 589 519 -1 -1 -1 -1 
326 4 1318 73 395 598 -1 -1 -1 -1 
326 5 741 67 563 699 -1 -1 -1 -1 
326 6 313 19 414 388 -1 -1 -1 -1 
327 2 410 519 547 552 -1 -1 -1 -1 
327 4 1313 92 405 590 -1 -1 -1 -1 
327 5 736 83 573 701 -1 -1 -1 -1 
327 6 303 18 416 408 -1 -1 -1 -1 
328 2 404 520 555 553 -1 -1 -1 -1 
328 4 1308 110 412 590 -1 -1 -1 -1 
328 5 738 99 572 697 -1 -1 -1 -1 
328 6 302 17 418 422 -1 -1 -1 -1 
329 2 401 534 556 545 -1 -1 -1 -1 
329 4 1308 128 408 585 -1 -1 -1 -1 
329 5 732 112 574 698 -1 -1 -1 -1 
330 4 1318 149 387 584 -1 -1 -1 -1 
330 5 737 124 570 708 -1 -1 -1 -1 
330 6 297 28 428 458 -1 -1 -1 -1 
331 4 1317 166 384 588 -1 -1 -1 -1 
331 5 739 135 571 710 -1 -1 -1 -1 
331 6 288 33 445 470 -1 -1 -1 -1 
332 4 1316 190 393 587 -1 -1 -1 -1 
332 5 731 147 581 713 -1 -1 -1 -1 
332 6 284 43 446 473 -1 -1 -1 -1 
333 4 1314 199 398 598 -1 -1 -1 -1 
333 5 727 160 576 707 -1 -1 -1 -1 
333 6 281 56 443 473 -1 -1 -1 -1 
334 4 1315 215 395 599 -1 -1 -1 -1 
334 5 724 174 580 706 -1 -1 -1 -1 
334 6 274 67 450 465 -1 -1 -1 -1 
335 4 1321 250 387 577 -1 -1 -1 -1 
335 5 724 192 576 707 -1 -1 -1 -1 
335 6 275 85 437 473 -1 -1 -1 -1 
336 4 1328 285 378 557 -1 -1 -1 -1 
336 5 724 206 573 706 -1 -1 -1 -1 
336 6 269 98 432 467 -1 -1 -1 -1 
337 4 1323 285 383 573 -1 -1 -1 -1 
337 5 721 219 573 693 -1 -1 -1 -1 
337 6 265 116 445 470 -1 -1 -1 -1 
338 4 1316 297 395 579 -1 -1 -1 -1 
338 5 719 233 565 701 -1 -1 -1 -1 
338 6 265 128 427 466 -1 -1 -1 -1 
339 4 1307 305 405 592 -1 -1 -1 -1 
339 5 715 253 562 688 -1 -1 -1 -1 
339 6 259 140 431 456 -1 -1 -1 -1 
340 4 1303 314 406 590 -1 -1 -1 -1 
340 5 718 273 554 679 -1 -1 -1 -1 
340 6 257 156 435 448 -1 -1 -1 -1 
341 4 1309 335 388 588 -1 -1 -1 -1 
341 5 701 289 573 659 -1 -1 -1 -1 
341 6 251 173 442 443 -1 -1 -1 -1 
342 4 1311 360 379 582 -1 -1 -1 -1 
342 5 692 305 579 632 -1 -1 -1 -1 
342 6 257 180 413 451 -1 -1 -1 -1 
343 4 1311 372 374 591 -1 -1 -1 -1 
343 5 698 318 564 658 -1 -1 -1 -1 
343 6 253 195 421 458 -1 -1 -1 -1 
344 4 1307 383 387 593 -1 -1 -1 -1 
344 5 690 333 574 639 -1 -1 -1 -1 
344 6 251 209 417 454 -1 -1 -1 -1 
345 4 1314 410 380 579 -1 -1 -1 -1 
345 5 695 354 566 618 -1 -1 -1 -1 
345 6 250 223 413 450 -1 -1 -1 -1 
346 4 1317 442 367 564 -1 -1 -1 -1 
346 5 697 367 556 610 -1 -1 -1 -1 
346 6 247 238 418 438 -1 -1 -1 -1 
347 4 1321 435 347 584 -1 -1 -1 -1 
347 5 695 380 561 612 -1 -1 -1 -1 
347 6 249 245 407 448 -1 -1 -1 -1 
347 11 394 698 368 357 -1 -1 -1 -1 
348 4 1305 447 360 584 -1 -1 -1 -1 
348 5 690 392 564 617 -1 -1 -1 -1 
348 6 246 267 412 451 -1 -1 -1 -1 
348 11 383 710 388 346 -1 -1 -1 -1 
349 4 1310 461 360 583 -1 -1 -1 -1 
349 5 702 407 541 608 -1 -1 -1 -1 
349 6 241 282 420 453 -1 -1 -1 -1 
349 11 392 720 368 335 -1 -1 -1 -1 
350 4 1309 467 352 592 -1 -1 -1 -1 
350 5 698 425 541 615 -1 -1 -1 -1 
350 6 241 298 414 453 -1 -1 -1 -1 
350 11 382 735 358 321 -1 -1 -1 -1 
351 4 1301 497 371 569 -1 -1 -1 -1 
351 5 689 440 551 609 -1 -1 -1 -1 
351 6 244 312 409 449 -1 -1 -1 -1 
351 11 370 757 362 301 -1 -1 -1 -1 
352 4 1301 513 366 558 -1 -1 -1 -1 
352 5 678 452 563 600 -1 -1 -1 -1 
352 6 240 325 414 452 -1 -1 -1 -1 
353 4 1299 527 364 544 -1 -1 -1 -1 
353 5 667 466 571 587 -1 -1 -1 -1 
353 6 235 351 426 447 -1 -1 -1 -1 
354 4 1295 541 369 529 -1 -1 -1 -1 
354 5 675 481 554 574 -1 -1 -1 -1 
354 6 233 368 428 447 -1 -1 -1 -1 
355 4 1292 547 365 522 -1 -1 -1 -1 
355 5 667 493 562 566 -1 -1 -1 -1 
355 6 234 385 417 446 -1 -1 -1 -1 
356 4 1284 558 368 512 -1 -1 -1 -1 
356 5 658 507 563 557 -1 -1 -1 -1 
356 6 235 405 416 441 -1 -1 -1 -1 
357 4 1281 574 368 497 -1 -1 -1 -1 
357 5 654 535 564 527 -1 -1 -1 -1 
357 6 236 420 412 450 -1 -1 -1 -1 
358 4 1280 594 361 480 -1 -1 -1 -1 
358 5 667 547 536 524 -1 -1 -1 -1 
358 6 246 436 400 475 -1 -1 -1 -1 
359 4 1265 609 379 463 -1 -1 -1 -1 
359 5 677 562 527 506 -1 -1 -1 -1 
359 6 249 461 402 516 -1 -1 -1 -1 
360 4 1267 623 365 446 -1 -1 -1 -1 
360 5 681 578 526 489 -1 -1 -1 -1 
360 6 241 480 421 528 -1 -1 -1 -1 
361 4 1244 635 378 430 -1 -1 -1 -1 
361 5 689 596 507 476 -1 -1 -1 -1 
361 6 241 489 423 515 -1 -1 -1 -1 
362 4 1234 656 381 414 -1 -1 -1 -1 
362 5 676 613 526 462 -1 -1 -1 -1 
362 6 246 503 410 515 -1 -1 -1 -1 
363 4 1230 670 381 400 -1 -1 -1 -1 
363 5 688 630 506 447 -1 -1 -1 -1 
363 6 237 531 445 507 -1 -1 -1 -1 
364 4 1222 685 388 388 -1 -1 -1 -1 
364 5 687 648 505 431 -1 -1 -1 -1 
364 6 239 550 454 505 -1 -1 -1 -1 
365 4 1219 701 386 373 -1 -1 -1 -1 
365 5 672 670 524 407 -1 -1 -1 -1 
365 6 240 560 455 495 -1 -1 -1 -1 
366 4 1219 727 384 341 -1 -1 -1 -1 
366 5 693 683 496 393 -1 -1 -1 -1 
366 6 236 571 447 489 -1 -1 -1 -1 
367 4 1238 742 358 326 -1 -1 -1 -1 
367 5 713 706 479 368 -1 -1 -1 -1 
367 6 225 583 507 487 -1 -1 -1 -1 
368 4 1241 749 354 315 -1 -1 -1 -1 
368 5 708 729 492 342 -1 -1 -1 -1 
368 6 249 590 431 477 -1 -1 -1 -1 
369 4 1235 763 361 300 -1 -1 -1 -1 
369 5 705 739 476 335 -1 -1 -1 -1 
369 6 249 608 418 462 -1 -1 -1 -1 
370 4 1233 777 357 285 -1 -1 -1 -1 
370 5 691 760 493 307 -1 -1 -1 -1 
370 6 252 615 406 459 -1 -1 -1 -1 
371 4 1240 786 343 274 -1 -1 -1 -1 
371 5 696 778 488 287 -1 -1 -1 -1 
371 6 246 618 413 451 -1 -1 -1 -1 
372 4 1226 806 354 267 -1 -1 -1 -1 
372 5 686 787 495 282 -1 -1 -1 -1 
372 6 246 635 406 433 -1 -1 -1 -1 
373 4 1230 820 341 258 -1 -1 -1 -1 
373 5 682 802 511 268 -1 -1 -1 -1 
373 6 243 654 414 418 -1 -1 -1 -1 
374 4 1240 831 321 248 -1 -1 -1 -1 
374 5 680 819 517 256 -1 -1 -1 -1 
374 6 249 671 411 400 -1 -1 -1 -1 
375 4 1214 837 346 242 -1 -1 -1 -1 
375 5 680 835 520 243 -1 -1 -1 -1 
375 6 252 687 404 381 -1 -1 -1 -1 
376 4 1214 850 338 229 -1 -1 -1 -1 
376 5 689 851 502 228 -1 -1 -1 -1 
377 6 244 710 423 364 -1 -1 -1 -1 
377 13 988 7 552 253 -1 -1 -1 -1 
378 6 239 709 428 365 -1 -1 -1 -1 
378 13 984 5 556 266 -1 -1 -1 -1 
379 6 242 729 423 350 -1 -1 -1 -1 
379 13 974 7 578 271 -1 -1 -1 -1 
380 6 244 743 419 336 -1 -1 -1 -1 
381 13 977 8 561 294 -1 -1 -1 -1 
382 13 970 10 568 304 -1 -1 -1 -1 
383 13 971 10 568 318 -1 -1 -1 -1 
384 13 968 11 577 332 -1 -1 -1 -1 
385 13 974 10 571 350 -1 -1 -1 -1 
386 13 969 6 576 368 -1 -1 -1 -1 
387 13 973 4 562 385 -1 -1 -1 -1 
388 13 959 2 592 403 -1 -1 -1 -1 
389 13 955 3 603 419 -1 -1 -1 -1 
389 14 408 11 408 214 -1 -1 -1 -1 
390 13 956 4 607 434 -1 -1 -1 -1 
390 14 393 9 427 236 -1 -1 -1 -1 
391 13 946 5 619 449 -1 -1 -1 -1 
391 14 381 7 440 255 -1 -1 -1 -1 
392 13 945 3 622 469 -1 -1 -1 -1 
392 14 378 7 440 268 -1 -1 -1 -1 
393 13 942 3 628 481 -1 -1 -1 -1 
393 14 364 9 465 273 -1 -1 -1 -1 
394 13 940 6 633 488 -1 -1 -1 -1 
394 14 363 11 461 283 -1 -1 -1 -1 
395 13 951 2 613 506 -1 -1 -1 -1 
395 14 374 8 430 304 -1 -1 -1 -1 
396 13 949 0 616 526 -1 -1 -1 -1 
396 14 364 12 451 310 -1 -1 -1 -1 
397 13 942 5 629 532 -1 -1 -1 -1 
397 14 369 12 440 330 -1 -1 -1 -1 
398 13 941 9 633 541 -1 -1 -1 -1 
398 14 373 14 440 343 -1 -1 -1 -1 
399 13 934 11 641 552 -1 -1 -1 -1 
399 14 366 14 451 360 -1 -1 -1 -1 
400 13 911 11 668 566 -1 -1 -1 -1 
400 14 360 13 455 374 -1 -1 -1 -1 
401 13 907 10 666 576 -1 -1 -1 -1 
401 14 339 10 479 390 -1 -1 -1 -1 
402 13 906 10 661 589 -1 -1 -1 -1 
402 14 336 13 482 399 -1 -1 -1 -1 
403 13 893 12 677 602 -1 -1 -1 -1 
403 14 333 17 485 405 -1 -1 -1 -1 
404 13 883 12 685 621 -1 -1 -1 -1 
404 14 336 17 480 416 -1 -1 -1 -1 
405 13 879 13 685 643 -1 -1 -1 -1 
405 14 335 17 477 426 -1 -1 -1 -1 
406 13 881 14 688 658 -1 -1 -1 -1 
406 14 333 17 477 438 -1 -1 -1 -1 
407 13 884 20 689 669 -1 -1 -1 -1 
407 14 330 13 473 458 -1 -1 -1 -1 
408 13 888 27 679 672 -1 -1 -1 -1 
408 14 328 18 471 476 -1 -1 -1 -1 
409 13 888 38 686 676 -1 -1 -1 -1 
409 14 326 17 474 497 -1 -1 -1 -1 
410 13 888 56 677 672 -1 -1 -1 -1 
410 14 316 27 488 501 -1 -1 -1 -1 
411 13 890 73 676 673 -1 -1 -1 -1 
411 14 313 42 491 498 -1 -1 -1 -1 
412 13 886 93 685 671 -1 -1 -1 -1 
412 14 317 48 466 513 -1 -1 -1 -1 
413 13 882 110 696 670 -1 -1 -1 -1 
413 14 307 59 474 524 -1 -1 -1 -1 
414 13 885 126 697 675 -1 -1 -1 -1 
414 14 300 79 491 518 -1 -1 -1 -1 
415 13 888 145 695 677 -1 -1 -1 -1 
415 14 304 99 484 517 -1 -1 -1 -1 
416 13 883 165 707 679 -1 -1 -1 -1 
416 14 309 113 481 522 -1 -1 -1 -1 
417 13 881 183 704 680 -1 -1 -1 -1 
417 14 311 137 492 506 -1 -1 -1 -1 
418 13 870 200 714 678 -1 -1 -1 -1 
418 14 318 155 480 502 -1 -1 -1 -1 
419 13 873 214 700 680 -1 -1 -1 -1 
419 14 324 160 455 517 -1 -1 -1 -1 
420 13 873 233 699 675 -1 -1 -1 -1 
420 14 313 187 474 498 -1 -1 -1 -1 
421 13 872 253 702 673 -1 -1 -1 -1 
421 14 315 205 468 494 -1 -1 -1 -1 
422 13 870 269 704 671 -1 -1 -1 -1 
422 14 314 217 467 501 -1 -1 -1 -1 
423 13 867 292 703 664 -1 -1 -1 -1 
423 14 308 240 480 491 -1 -1 -1 -1 
424 13 861 312 705 658 -1 -1 -1 -1 
424 14 313 255 471 492 -1 -1 -1 -1 
425 13 868 327 685 664 -1 -1 -1 -1 
425 14 312 265 463 499 -1 -1 -1 -1 
426 13 865 344 691 665 -1 -1 -1 -1 
426 14 308 278 464 501 -1 -1 -1 -1 
427 13 856 363 708 661 -1 -1 -1 -1 
427 14 307 294 467 504 -1 -1 -1 -1 
428 13 855 383 715 655 -1 -1 -1 -1 
428 14 298 312 479 502 -1 -1 -1 -1 
429 13 850 407 721 644 -1 -1 -1 -1 
429 14 291 333 490 498 -1 -1 -1 -1 
430 13 848 420 723 637 -1 -1 -1 -1 
430 14 303 348 476 500 -1 -1 -1 -1 
431 13 851 434 716 629 -1 -1 -1 -1 
431 14 301 360 481 504 -1 -1 -1 -1 
432 13 847 453 725 616 -1 -1 -1 -1 
432 14 305 370 465 508 -1 -1 -1 -1 
433 13 846 469 728 604 -1 -1 -1 -1 
433 14 302 387 466 506 -1 -1 -1 -1 
434 13 842 489 730 588 -1 -1 -1 -1 
434 14 301 404 467 506 -1 -1 -1 -1 
435 13 839 508 728 569 -1 -1 -1 -1 
435 14 309 424 456 500 -1 -1 -1 -1 
436 13 843 521 722 554 -1 -1 -1 -1 
436 14 309 434 460 497 -1 -1 -1 -1 
437 13 835 535 722 541 -1 -1 -1 -1 
437 14 315 446 453 500 -1 -1 -1 -1 
438 13 842 558 712 520 -1 -1 -1 -1 
438 14 317 462 447 500 -1 -1 -1 -1 
439 13 845 579 706 500 -1 -1 -1 -1 
439 14 329 483 430 495 -1 -1 -1 -1 
440 13 863 604 682 475 -1 -1 -1 -1 
440 14 328 501 433 494 -1 -1 -1 -1 
441 13 853 626 698 451 -1 -1 -1 -1 
441 14 324 518 435 493 -1 -1 -1 -1 
442 13 854 643 694 433 -1 -1 -1 -1 
442 14 319 533 443 489 -1 -1 -1 -1 
443 13 850 662 699 416 -1 -1 -1 -1 
443 14 311 545 449 490 -1 -1 -1 -1 
444 13 856 683 692 396 -1 -1 -1 -1 
444 14 311 559 446 488 -1 -1 -1 -1 
445 13 867 701 674 378 -1 -1 -1 -1 
445 14 303 571 456 487 -1 -1 -1 -1 
446 13 871 730 673 349 -1 -1 -1 -1 
446 14 302 605 457 459 -1 -1 -1 -1 
447 13 875 747 669 332 -1 -1 -1 -1 
447 14 301 597 452 474 -1 -1 -1 -1 
448 13 867 771 670 308 -1 -1 -1 -1 
448 14 298 583 456 492 -1 -1 -1 -1 
449 13 862 792 652 283 -1 -1 -1 -1 
449 14 296 627 469 449 -1 -1 -1 -1 
450 13 911 797 580 282 -1 -1 -1 -1 
450 14 315 659 444 414 -1 -1 -1 -1 
451 13 923 816 556 263 -1 -1 -1 -1 
452 14 326 697 437 377 -1 -1 -1 -1 
453 14 329 714 434 359 -1 -1 -1 -1 
454 14 330 714 428 359 -1 -1 -1 -1 
455 14 329 715 428 360 -1 -1 -1 -1 
456 14 325 727 433 346 -1 -1 -1 -1 
457 14 324 739 431 332 -1 -1 -1 -1 
458 14 318 750 438 326 -1 -1 -1 -1 
459 14 315 750 436 329 -1 -1 -1 -1 
460 14 331 758 395 321 -1 -1 -1 -1 
461 14 330 769 403 308 -1 -1 -1 -1 
544 15 621 5 452 288 -1 -1 -1 -1 
545 15 641 4 435 323 -1 -1 -1 -1 
546 15 565 5 531 348 -1 -1 -1 -1 
547 15 567 9 516 354 -1 -1 -1 -1 
548 15 553 9 533 364 -1 -1 -1 -1 
549 15 566 12 515 366 -1 -1 -1 -1 
550 15 569 9 511 385 -1 -1 -1 -1 
551 15 568 11 510 408 -1 -1 -1 -1 
552 15 579 5 503 426 -1 -1 -1 -1 
553 15 581 5 495 440 -1 -1 -1 -1 
554 15 587 9 483 458 -1 -1 -1 -1 
555 15 578 14 495 472 -1 -1 -1 -1 
556 15 578 19 492 488 -1 -1 -1 -1 
557 15 566 26 501 505 -1 -1 -1 -1 
558 15 554 29 516 517 -1 -1 -1 -1 
559 15 529 28 537 532 -1 -1 -1 -1 
560 15 513 33 550 544 -1 -1 -1 -1 
561 15 534 44 522 548 -1 -1 -1 -1 
562 15 547 53 505 564 -1 -1 -1 -1 
563 15 536 67 528 563 -1 -1 -1 -1 
564 15 533 84 534 560 -1 -1 -1 -1 
565 15 528 101 536 564 -1 -1 -1 -1 
566 15 533 117 528 557 -1 -1 -1 -1 
567 15 533 131 524 563 -1 -1 -1 -1 
568 15 534 151 526 559 -1 -1 -1 -1 
569 15 536 173 528 549 -1 -1 -1 -1 
570 15 533 185 522 563 -1 -1 -1 -1 
571 15 535 199 517 567 -1 -1 -1 -1 
572 15 537 211 516 569 -1 -1 -1 -1 
573 15 528 223 527 572 -1 -1 -1 -1 
574 15 532 240 518 567 -1 -1 -1 -1 
575 15 519 261 525 573 -1 -1 -1 -1 
576 15 514 281 534 568 -1 -1 -1 -1 
577 15 519 294 525 565 -1 -1 -1 -1 
578 15 508 300 535 582 -1 -1 -1 -1 
579 15 515 322 529 569 -1 -1 -1 -1 
580 15 511 339 529 570 -1 -1 -1 -1 
581 15 501 360 539 569 -1 -1 -1 -1 
582 15 493 379 551 559 -1 -1 -1 -1 
583 15 510 387 524 563 -1 -1 -1 -1 
584 15 506 397 528 582 -1 -1 -1 -1 
585 15 505 414 530 587 -1 -1 -1 -1 
586 15 482 435 553 585 -1 -1 -1 -1 
587 15 473 450 562 584 -1 -1 -1 -1 
588 15 462 465 576 582 -1 -1 -1 -1 
589 15 494 483 539 569 -1 -1 -1 -1 
590 15 485 495 550 563 -1 -1 -1 -1 
591 15 438 509 611 554 -1 -1 -1 -1 
592 15 476 523 556 542 -1 -1 -1 -1 
593 15 463 547 576 515 -1 -1 -1 -1 
594 15 460 566 575 496 -1 -1 -1 -1 
595 15 452 585 579 482 -1 -1 -1 -1 
596 15 466 597 548 481 -1 -1 -1 -1 
597 15 441 614 585 465 -1 -1 -1 -1 
598 15 396 635 637 444 -1 -1 -1 -1 
599 15 393 654 629 425 -1 -1 -1 -1 
600 15 391 675 624 403 -1 -1 -1 -1 
601 15 404 694 611 383 -1 -1 -1 -1 
602 15 429 710 582 365 -1 -1 -1 -1 
603 15 432 727 580 346 -1 -1 -1 -1 
604 15 432 744 581 329 -1 -1 -1 -1 
605 15 440 757 571 312 -1 -1 -1 -1 
606 15 438 775 565 289 -1 -1 -1 -1 
607 15 444 791 537 273 -1 -1 -1 -1 
608 15 425 793 544 275 -1 -1 -1 -1 
609 15 477 817 492 251 -1 -1 -1 -1 
778 16 1054 9 510 247 -1 -1 -1 -1 
779 16 1057 10 506 255 -1 -1 -1 -1 
780 16 1058 12 506 264 -1 -1 -1 -1 
781 16 1065 13 495 280 -1 -1 -1 -1 
782 16 1062 12 491 292 -1 -1 -1 -1 
783 16 1060 17 493 300 -1 -1 -1 -1 
784 16 1066 19 484 312 -1 -1 -1 -1 
785 16 1067 20 482 327 -1 -1 -1 -1 
786 16 1066 18 480 345 -1 -1 -1 -1 
787 16 1066 17 480 359 -1 -1 -1 -1 
788 16 1067 22 475 369 -1 -1 -1 -1 
789 16 1069 30 472 375 -1 -1 -1 -1 
790 16 1066 41 477 376 -1 -1 -1 -1 
791 16 1070 49 471 381 -1 -1 -1 -1 
792 16 1064 66 483 381 -1 -1 -1 -1 
793 16 1068 81 480 382 -1 -1 -1 -1 
794 16 1060 92 492 385 -1 -1 -1 -1 
795 16 1059 103 493 390 -1 -1 -1 -1 
796 16 1064 120 487 387 -1 -1 -1 -1 
797 16 1063 134 485 385 -1 -1 -1 -1 
798 16 1065 147 481 383 -1 -1 -1 -1 
799 16 1057 159 485 387 -1 -1 -1 -1 
800 16 1059 176 487 387 -1 -1 -1 -1 
801 16 1067 186 482 393 -1 -1 -1 -1 
802 16 1060 204 495 390 -1 -1 -1 -1 
803 16 1067 225 484 379 -1 -1 -1 -1 
804 16 1065 236 479 383 -1 -1 -1 -1 
805 16 1065 248 472 390 -1 -1 -1 -1 
806 16 1068 261 472 394 -1 -1 -1 -1 
807 16 1059 275 484 395 -1 -1 -1 -1 
808 16 1061 289 484 400 -1 -1 -1 -1 
809 16 1057 305 489 396 -1 -1 -1 -1 
810 16 1057 326 488 386 -1 -1 -1 -1 
811 16 1060 339 476 390 -1 -1 -1 -1 
812 16 1051 351 487 398 -1 -1 -1 -1 
813 16 1043 375 504 386 -1 -1 -1 -1 
814 16 1050 393 492 382 -1 -1 -1 -1 
815 16 1051 409 496 377 -1 -1 -1 -1 
816 16 1049 427 491 371 -1 -1 -1 -1 
817 16 1054 435 472 377 -1 -1 -1 -1 
818 16 1045 442 480 389 -1 -1 -1 -1 
819 16 1034 467 502 382 -1 -1 -1 -1 
820 16 1037 487 497 373 -1 -1 -1 -1 
821 16 1040 503 493 370 -1 -1 -1 -1 
822 16 1035 522 498 362 -1 -1 -1 -1 
823 16 1036 534 491 360 -1 -1 -1 -1 
824 16 1046 542 477 371 -1 -1 -1 -1 
825 16 1038 568 491 364 -1 -1 -1 -1 
826 16 1041 586 486 362 -1 -1 -1 -1 
827 16 1039 604 489 362 -1 -1 -1 -1 
828 16 1039 621 484 364 -1 -1 -1 -1 
829 16 1036 632 479 369 -1 -1 -1 -1 
830 16 1023 651 491 361 -1 -1 -1 -1 
831 16 1030 666 481 366 -1 -1 -1 -1 
832 16 1029 685 487 362 -1 -1 -1 -1 
833 16 1025 707 494 351 -1 -1 -1 -1 
834 16 1022 725 492 341 -1 -1 -1 -1 
835 16 1018 738 494 334 -1 -1 -1 -1 
836 16 1008 752 509 321 -1 -1 -1 -1 
837 16 1008 770 503 301 -1 -1 -1 -1 
838 16 1021 783 471 291 -1 -1 -1 -1 
839 16 996 795 506 284 -1 -1 -1 -1 
840 16 1002 812 495 267 -1 -1 -1 -1 
841 16 988 829 507 250 -1 -1 -1 -1 
842 16 981 844 512 235 -1 -1 -1 -1 
843 16 973 862 516 217 -1 -1 -1 -1 
844 16 987 881 494 198 -1 -1 -1 -1 
845 16 995 895 479 184 -1 -1 -1 -1 
846 16 999 902 474 177 -1 -1 -1 -1 
