231 1 560 0 481 177 -1 -1 -1 -1 
232 1 552 2 494 187 -1 -1 -1 -1 
233 1 548 3 500 197 -1 -1 -1 -1 
234 1 547 3 498 210 -1 -1 -1 -1 
235 1 543 3 499 228 -1 -1 -1 -1 
236 1 539 3 507 238 -1 -1 -1 -1 
237 1 538 4 502 254 -1 -1 -1 -1 
238 1 538 5 498 271 -1 -1 -1 -1 
239 1 538 3 498 292 -1 -1 -1 -1 
240 1 533 4 503 304 -1 -1 -1 -1 
241 1 530 4 506 317 -1 -1 -1 -1 
242 1 528 5 505 331 -1 -1 -1 -1 
243 1 524 6 510 346 -1 -1 -1 -1 
244 1 521 6 510 363 -1 -1 -1 -1 
245 1 516 6 517 377 -1 -1 -1 -1 
246 1 514 7 521 390 -1 -1 -1 -1 
247 1 509 9 526 404 -1 -1 -1 -1 
248 1 506 11 529 415 -1 -1 -1 -1 
249 1 512 15 509 428 -1 -1 -1 -1 
250 1 504 18 518 440 -1 -1 -1 -1 
251 1 501 21 520 449 -1 -1 -1 -1 
252 1 500 29 525 459 -1 -1 -1 -1 
253 1 497 43 527 459 -1 -1 -1 -1 
254 1 492 60 535 457 -1 -1 -1 -1 
255 1 492 76 530 455 -1 -1 -1 -1 
256 1 488 94 528 452 -1 -1 -1 -1 
257 1 487 109 525 458 -1 -1 -1 -1 
258 1 484 128 531 453 -1 -1 -1 -1 
259 1 483 140 526 458 -1 -1 -1 -1 
260 1 479 153 533 461 -1 -1 -1 -1 
261 1 478 171 531 460 -1 -1 -1 -1 
262 1 477 184 529 465 -1 -1 -1 -1 
263 1 473 203 529 460 -1 -1 -1 -1 
264 1 468 228 541 443 -1 -1 -1 -1 
265 1 478 239 518 448 -1 -1 -1 -1 
266 1 470 252 535 453 -1 -1 -1 -1 
267 1 468 273 540 449 -1 -1 -1 -1 
268 1 470 289 532 456 -1 -1 -1 -1 
269 1 466 303 537 459 -1 -1 -1 -1 
270 1 465 318 540 463 -1 -1 -1 -1 
271 1 463 335 544 465 -1 -1 -1 -1 
272 1 461 354 543 460 -1 -1 -1 -1 
272 2 578 0 455 229 -1 -1 -1 -1 
273 1 458 373 545 453 -1 -1 -1 -1 
273 2 533 0 535 241 -1 -1 -1 -1 
274 1 459 395 542 446 -1 -1 -1 -1 
274 2 517 0 552 252 -1 -1 -1 -1 
275 1 459 408 539 448 -1 -1 -1 -1 
275 2 529 0 528 268 -1 -1 -1 -1 
276 1 457 423 540 447 -1 -1 -1 -1 
276 2 531 1 531 283 -1 -1 -1 -1 
277 1 454 439 544 446 -1 -1 -1 -1 
277 2 534 1 538 289 -1 -1 -1 -1 
278 1 455 454 534 447 -1 -1 -1 -1 
278 2 544 2 504 298 -1 -1 -1 -1 
279 1 451 475 536 443 -1 -1 -1 -1 
279 2 546 1 504 317 -1 -1 -1 -1 
280 1 446 495 542 438 -1 -1 -1 -1 
280 2 537 3 520 334 -1 -1 -1 -1 
281 1 447 511 538 438 -1 -1 -1 -1 
281 2 538 2 507 355 -1 -1 -1 -1 
282 1 448 527 543 439 -1 -1 -1 -1 
282 2 541 2 490 374 -1 -1 -1 -1 
283 1 448 542 538 438 -1 -1 -1 -1 
283 2 535 3 503 387 -1 -1 -1 -1 
284 1 451 557 532 442 -1 -1 -1 -1 
284 2 527 3 505 400 -1 -1 -1 -1 
285 1 446 579 542 435 -1 -1 -1 -1 
285 2 522 3 505 413 -1 -1 -1 -1 
286 1 444 597 541 425 -1 -1 -1 -1 
286 2 517 5 515 427 -1 -1 -1 -1 
287 1 445 614 539 421 -1 -1 -1 -1 
287 2 515 8 515 440 -1 -1 -1 -1 
288 1 447 629 532 417 -1 -1 -1 -1 
288 2 511 9 516 452 -1 -1 -1 -1 
289 1 447 640 529 414 -1 -1 -1 -1 
289 2 510 9 513 465 -1 -1 -1 -1 
290 1 450 651 523 417 -1 -1 -1 -1 
290 2 503 11 513 476 -1 -1 -1 -1 
291 1 447 671 525 407 -1 -1 -1 -1 
291 2 495 14 522 483 -1 -1 -1 -1 
292 1 448 689 524 390 -1 -1 -1 -1 
292 2 502 15 499 500 -1 -1 -1 -1 
293 1 447 708 522 371 -1 -1 -1 -1 
293 2 489 20 525 512 -1 -1 -1 -1 
294 1 450 723 511 356 -1 -1 -1 -1 
294 2 484 19 525 533 -1 -1 -1 -1 
294 3 1362 0 277 187 -1 -1 -1 -1 
295 1 456 733 499 346 -1 -1 -1 -1 
295 2 484 21 517 552 -1 -1 -1 -1 
295 3 1368 0 272 196 -1 -1 -1 -1 
296 1 452 753 506 326 -1 -1 -1 -1 
296 2 470 23 539 572 -1 -1 -1 -1 
296 3 1352 0 296 212 -1 -1 -1 -1 
297 1 451 772 510 307 -1 -1 -1 -1 
297 2 464 24 538 594 -1 -1 -1 -1 
297 3 1366 0 275 227 -1 -1 -1 -1 
298 1 451 791 510 288 -1 -1 -1 -1 
298 2 455 28 559 606 -1 -1 -1 -1 
298 3 1359 0 287 239 -1 -1 -1 -1 
299 1 453 806 504 273 -1 -1 -1 -1 
299 2 457 32 548 623 -1 -1 -1 -1 
299 3 1363 0 284 258 -1 -1 -1 -1 
300 1 455 822 500 257 -1 -1 -1 -1 
300 2 453 34 557 638 -1 -1 -1 -1 
300 3 1361 0 291 275 -1 -1 -1 -1 
300 4 832 0 470 252 -1 -1 -1 -1 
301 1 453 837 494 242 -1 -1 -1 -1 
301 2 448 34 565 658 -1 -1 -1 -1 
301 3 1362 0 292 284 -1 -1 -1 -1 
301 4 818 0 489 256 -1 -1 -1 -1 
302 1 442 859 516 220 -1 -1 -1 -1 
302 2 447 35 566 679 -1 -1 -1 -1 
302 3 1352 0 308 294 -1 -1 -1 -1 
302 4 835 0 461 270 -1 -1 -1 -1 
303 1 443 878 518 201 -1 -1 -1 -1 
303 2 439 56 576 674 -1 -1 -1 -1 
303 3 1360 1 295 310 -1 -1 -1 -1 
303 4 826 0 472 277 -1 -1 -1 -1 
304 1 457 892 497 187 -1 -1 -1 -1 
304 2 439 84 575 660 -1 -1 -1 -1 
304 3 1366 2 291 322 -1 -1 -1 -1 
304 4 820 1 484 291 -1 -1 -1 -1 
305 1 464 908 476 171 -1 -1 -1 -1 
305 2 439 109 577 651 -1 -1 -1 -1 
305 3 1363 2 303 336 -1 -1 -1 -1 
305 4 846 3 447 319 -1 -1 -1 -1 
306 1 465 923 471 156 -1 -1 -1 -1 
306 2 437 122 575 650 -1 -1 -1 -1 
306 3 1365 2 305 350 -1 -1 -1 -1 
306 4 843 3 459 338 -1 -1 -1 -1 
307 1 466 934 466 145 -1 -1 -1 -1 
307 2 438 144 567 651 -1 -1 -1 -1 
307 3 1364 4 309 367 -1 -1 -1 -1 
307 4 843 4 461 350 -1 -1 -1 -1 
308 1 482 950 432 129 -1 -1 -1 -1 
308 2 440 165 565 650 -1 -1 -1 -1 
308 3 1363 5 313 379 -1 -1 -1 -1 
309 2 442 184 560 650 -1 -1 -1 -1 
309 3 1368 6 311 390 -1 -1 -1 -1 
309 4 847 6 460 382 -1 -1 -1 -1 
310 2 431 199 572 652 -1 -1 -1 -1 
310 3 1365 7 316 406 -1 -1 -1 -1 
310 4 832 7 474 402 -1 -1 -1 -1 
311 2 429 216 566 654 -1 -1 -1 -1 
311 3 1368 13 312 408 -1 -1 -1 -1 
311 4 846 7 451 429 -1 -1 -1 -1 
312 2 419 227 579 661 -1 -1 -1 -1 
312 3 1369 14 309 420 -1 -1 -1 -1 
312 4 828 7 482 443 -1 -1 -1 -1 
312 5 371 3 421 206 -1 -1 -1 -1 
313 2 413 246 585 656 -1 -1 -1 -1 
313 3 1370 20 307 433 -1 -1 -1 -1 
313 4 805 11 505 453 -1 -1 -1 -1 
313 5 376 1 391 233 -1 -1 -1 -1 
314 2 419 269 566 649 -1 -1 -1 -1 
314 3 1365 16 316 455 -1 -1 -1 -1 
314 4 798 14 504 469 -1 -1 -1 -1 
314 5 358 0 417 251 -1 -1 -1 -1 
315 2 416 285 570 654 -1 -1 -1 -1 
315 3 1356 11 327 479 -1 -1 -1 -1 
315 4 801 17 500 490 -1 -1 -1 -1 
315 5 355 0 422 262 -1 -1 -1 -1 
316 2 418 302 568 654 -1 -1 -1 -1 
316 3 1347 10 340 496 -1 -1 -1 -1 
316 4 790 18 507 503 -1 -1 -1 -1 
316 5 352 0 416 277 -1 -1 -1 -1 
317 2 407 313 585 659 -1 -1 -1 -1 
317 3 1339 12 351 509 -1 -1 -1 -1 
317 4 791 19 505 514 -1 -1 -1 -1 
317 5 345 2 418 295 -1 -1 -1 -1 
318 2 410 328 580 668 -1 -1 -1 -1 
318 3 1344 13 344 529 -1 -1 -1 -1 
318 4 779 18 520 539 -1 -1 -1 -1 
318 5 343 3 400 316 -1 -1 -1 -1 
319 2 403 350 589 663 -1 -1 -1 -1 
319 3 1340 13 350 542 -1 -1 -1 -1 
319 4 769 19 523 559 -1 -1 -1 -1 
319 5 332 3 396 337 -1 -1 -1 -1 
320 2 405 369 589 664 -1 -1 -1 -1 
320 3 1337 15 354 556 -1 -1 -1 -1 
320 4 765 22 524 583 -1 -1 -1 -1 
320 5 322 3 403 351 -1 -1 -1 -1 
321 2 400 390 594 657 -1 -1 -1 -1 
321 3 1340 21 349 566 -1 -1 -1 -1 
321 4 763 24 530 602 -1 -1 -1 -1 
321 5 319 3 404 372 -1 -1 -1 -1 
322 2 397 405 596 652 -1 -1 -1 -1 
322 3 1340 30 351 573 -1 -1 -1 -1 
322 4 763 27 527 623 -1 -1 -1 -1 
322 5 308 4 411 385 -1 -1 -1 -1 
323 2 403 414 589 649 -1 -1 -1 -1 
323 3 1336 39 353 583 -1 -1 -1 -1 
323 4 753 30 540 641 -1 -1 -1 -1 
323 5 304 4 414 402 -1 -1 -1 -1 
324 2 397 426 597 640 -1 -1 -1 -1 
324 3 1335 51 353 587 -1 -1 -1 -1 
324 4 752 32 538 661 -1 -1 -1 -1 
324 5 298 5 422 415 -1 -1 -1 -1 
325 2 396 441 599 625 -1 -1 -1 -1 
325 3 1332 65 357 587 -1 -1 -1 -1 
325 4 746 39 543 673 -1 -1 -1 -1 
325 5 296 4 425 429 -1 -1 -1 -1 
326 2 396 462 597 604 -1 -1 -1 -1 
326 3 1332 81 359 587 -1 -1 -1 -1 
326 4 745 52 544 677 -1 -1 -1 -1 
326 5 296 4 416 447 -1 -1 -1 -1 
327 2 394 479 589 585 -1 -1 -1 -1 
327 3 1329 95 362 590 -1 -1 -1 -1 
327 4 748 69 535 687 -1 -1 -1 -1 
327 5 288 6 428 457 -1 -1 -1 -1 
328 2 397 504 580 562 -1 -1 -1 -1 
328 3 1327 112 365 589 -1 -1 -1 -1 
328 4 746 84 537 689 -1 -1 -1 -1 
328 5 287 9 425 468 -1 -1 -1 -1 
329 2 389 525 585 543 -1 -1 -1 -1 
329 3 1326 128 364 594 -1 -1 -1 -1 
329 4 742 97 546 698 -1 -1 -1 -1 
329 5 281 15 437 481 -1 -1 -1 -1 
330 2 385 539 586 534 -1 -1 -1 -1 
330 3 1326 141 363 599 -1 -1 -1 -1 
330 4 741 110 543 706 -1 -1 -1 -1 
330 5 277 23 436 482 -1 -1 -1 -1 
331 2 392 555 561 518 -1 -1 -1 -1 
331 3 1322 161 368 592 -1 -1 -1 -1 
331 4 739 124 546 708 -1 -1 -1 -1 
331 5 277 25 435 503 -1 -1 -1 -1 
332 2 388 571 560 503 -1 -1 -1 -1 
332 3 1327 173 360 595 -1 -1 -1 -1 
332 4 735 138 545 720 -1 -1 -1 -1 
332 5 275 27 430 516 -1 -1 -1 -1 
333 2 391 579 532 495 -1 -1 -1 -1 
333 3 1326 187 362 597 -1 -1 -1 -1 
333 4 733 156 549 721 -1 -1 -1 -1 
333 5 271 28 438 520 -1 -1 -1 -1 
334 2 383 601 548 471 -1 -1 -1 -1 
334 3 1320 203 368 593 -1 -1 -1 -1 
334 4 729 173 547 724 -1 -1 -1 -1 
334 5 270 36 434 538 -1 -1 -1 -1 
335 2 380 622 545 450 -1 -1 -1 -1 
335 3 1319 216 365 604 -1 -1 -1 -1 
335 4 725 186 547 727 -1 -1 -1 -1 
335 5 263 59 443 526 -1 -1 -1 -1 
336 2 381 640 537 437 -1 -1 -1 -1 
336 3 1325 237 356 602 -1 -1 -1 -1 
336 4 726 199 543 731 -1 -1 -1 -1 
337 3 1327 251 355 604 -1 -1 -1 -1 
337 4 718 215 549 731 -1 -1 -1 -1 
337 5 255 91 453 493 -1 -1 -1 -1 
338 3 1325 264 359 608 -1 -1 -1 -1 
338 4 719 234 546 728 -1 -1 -1 -1 
338 5 261 104 428 482 -1 -1 -1 -1 
339 3 1323 281 361 609 -1 -1 -1 -1 
339 4 716 254 550 720 -1 -1 -1 -1 
339 5 256 124 439 477 -1 -1 -1 -1 
340 3 1315 300 369 604 -1 -1 -1 -1 
340 4 721 269 535 723 -1 -1 -1 -1 
340 5 255 146 439 467 -1 -1 -1 -1 
341 3 1314 316 365 608 -1 -1 -1 -1 
341 4 717 280 537 726 -1 -1 -1 -1 
341 5 255 163 440 472 -1 -1 -1 -1 
342 3 1312 337 365 602 -1 -1 -1 -1 
342 4 714 291 535 731 -1 -1 -1 -1 
342 5 257 176 426 471 -1 -1 -1 -1 
343 3 1312 350 361 603 -1 -1 -1 -1 
343 4 711 304 541 734 -1 -1 -1 -1 
343 5 254 181 427 487 -1 -1 -1 -1 
343 6 387 669 374 400 -1 -1 -1 -1 
344 3 1315 361 354 612 -1 -1 -1 -1 
344 4 709 323 552 724 -1 -1 -1 -1 
344 5 247 197 429 477 -1 -1 -1 -1 
344 6 384 659 358 410 -1 -1 -1 -1 
345 3 1303 379 369 601 -1 -1 -1 -1 
345 4 705 340 553 712 -1 -1 -1 -1 
345 5 246 207 425 482 -1 -1 -1 -1 
345 6 379 668 352 399 -1 -1 -1 -1 
346 3 1311 396 355 603 -1 -1 -1 -1 
346 4 702 358 556 698 -1 -1 -1 -1 
346 5 245 221 427 484 -1 -1 -1 -1 
346 6 380 689 338 377 -1 -1 -1 -1 
347 3 1301 415 363 602 -1 -1 -1 -1 
347 4 709 371 546 687 -1 -1 -1 -1 
347 5 244 241 431 480 -1 -1 -1 -1 
347 6 378 704 329 366 -1 -1 -1 -1 
348 3 1296 432 364 600 -1 -1 -1 -1 
348 4 714 386 547 668 -1 -1 -1 -1 
348 5 243 260 427 471 -1 -1 -1 -1 
348 6 376 703 327 370 -1 -1 -1 -1 
349 3 1296 445 361 594 -1 -1 -1 -1 
349 4 713 406 547 643 -1 -1 -1 -1 
349 5 243 276 415 468 -1 -1 -1 -1 
349 6 375 707 333 365 -1 -1 -1 -1 
350 3 1294 459 360 589 -1 -1 -1 -1 
350 4 711 423 543 635 -1 -1 -1 -1 
350 5 237 290 433 470 -1 -1 -1 -1 
350 6 363 730 335 339 -1 -1 -1 -1 
351 3 1291 472 360 585 -1 -1 -1 -1 
351 4 709 436 542 625 -1 -1 -1 -1 
351 5 237 308 425 467 -1 -1 -1 -1 
351 6 369 747 326 320 -1 -1 -1 -1 
352 3 1290 494 360 572 -1 -1 -1 -1 
352 4 704 453 547 609 -1 -1 -1 -1 
352 5 236 322 430 477 -1 -1 -1 -1 
352 6 379 758 317 311 -1 -1 -1 -1 
353 3 1283 512 365 561 -1 -1 -1 -1 
353 4 701 469 541 596 -1 -1 -1 -1 
353 5 235 333 432 483 -1 -1 -1 -1 
353 6 382 768 307 303 -1 -1 -1 -1 
354 3 1275 527 371 547 -1 -1 -1 -1 
354 4 698 479 542 586 -1 -1 -1 -1 
354 5 227 361 442 463 -1 -1 -1 -1 
354 6 385 779 302 294 -1 -1 -1 -1 
355 3 1271 542 372 531 -1 -1 -1 -1 
355 4 696 502 546 564 -1 -1 -1 -1 
355 5 231 386 431 454 -1 -1 -1 -1 
356 3 1263 560 377 513 -1 -1 -1 -1 
356 4 697 518 533 552 -1 -1 -1 -1 
356 5 234 402 430 465 -1 -1 -1 -1 
357 3 1273 575 362 500 -1 -1 -1 -1 
357 4 701 533 524 535 -1 -1 -1 -1 
357 5 239 410 421 488 -1 -1 -1 -1 
358 3 1275 591 359 483 -1 -1 -1 -1 
358 4 701 550 527 517 -1 -1 -1 -1 
358 5 239 420 424 517 -1 -1 -1 -1 
359 3 1274 608 359 465 -1 -1 -1 -1 
359 4 700 566 511 502 -1 -1 -1 -1 
359 5 233 440 437 534 -1 -1 -1 -1 
360 3 1278 624 347 448 -1 -1 -1 -1 
360 4 690 585 528 488 -1 -1 -1 -1 
360 5 230 469 448 528 -1 -1 -1 -1 
361 3 1265 637 354 437 -1 -1 -1 -1 
361 4 698 602 512 471 -1 -1 -1 -1 
361 5 238 490 432 538 -1 -1 -1 -1 
362 3 1259 651 357 423 -1 -1 -1 -1 
362 4 703 613 500 460 -1 -1 -1 -1 
362 5 233 498 435 545 -1 -1 -1 -1 
363 3 1252 664 358 413 -1 -1 -1 -1 
363 4 694 633 515 439 -1 -1 -1 -1 
363 5 229 525 452 526 -1 -1 -1 -1 
364 3 1249 679 357 399 -1 -1 -1 -1 
364 4 692 649 521 423 -1 -1 -1 -1 
364 5 235 546 444 512 -1 -1 -1 -1 
365 3 1240 695 364 382 -1 -1 -1 -1 
365 4 695 664 508 411 -1 -1 -1 -1 
365 5 235 559 452 493 -1 -1 -1 -1 
366 3 1235 709 365 366 -1 -1 -1 -1 
366 4 684 682 519 396 -1 -1 -1 -1 
366 5 239 560 439 491 -1 -1 -1 -1 
367 3 1233 721 361 352 -1 -1 -1 -1 
367 4 692 701 496 378 -1 -1 -1 -1 
367 5 230 582 457 476 -1 -1 -1 -1 
368 3 1234 736 357 338 -1 -1 -1 -1 
368 4 693 716 499 362 -1 -1 -1 -1 
368 5 229 599 457 463 -1 -1 -1 -1 
369 3 1226 749 361 326 -1 -1 -1 -1 
369 4 690 724 491 354 -1 -1 -1 -1 
369 5 237 602 439 467 -1 -1 -1 -1 
370 3 1219 764 366 313 -1 -1 -1 -1 
370 4 699 739 480 336 -1 -1 -1 -1 
370 5 235 618 452 452 -1 -1 -1 -1 
371 3 1218 781 362 295 -1 -1 -1 -1 
371 4 688 760 491 316 -1 -1 -1 -1 
371 5 243 619 436 456 -1 -1 -1 -1 
372 3 1215 794 357 285 -1 -1 -1 -1 
372 4 687 774 486 303 -1 -1 -1 -1 
372 5 237 639 442 439 -1 -1 -1 -1 
372 7 1024 1 487 205 -1 -1 -1 -1 
373 3 1211 806 358 273 -1 -1 -1 -1 
373 4 692 788 476 290 -1 -1 -1 -1 
373 5 239 662 440 417 -1 -1 -1 -1 
373 7 1025 1 478 217 -1 -1 -1 -1 
374 3 1210 821 352 258 -1 -1 -1 -1 
374 4 689 807 483 271 -1 -1 -1 -1 
374 5 247 685 435 394 -1 -1 -1 -1 
374 7 1023 0 472 234 -1 -1 -1 -1 
375 3 1207 836 354 243 -1 -1 -1 -1 
375 4 684 823 497 256 -1 -1 -1 -1 
375 5 251 704 429 375 -1 -1 -1 -1 
375 7 1015 0 482 246 -1 -1 -1 -1 
376 3 1208 850 345 227 -1 -1 -1 -1 
376 4 680 841 503 237 -1 -1 -1 -1 
376 5 253 665 413 414 -1 -1 -1 -1 
376 7 1011 0 484 255 -1 -1 -1 -1 
377 3 1212 865 331 213 -1 -1 -1 -1 
377 4 690 857 482 222 -1 -1 -1 -1 
378 5 223 741 480 338 -1 -1 -1 -1 
378 7 996 1 513 284 -1 -1 -1 -1 
379 7 994 0 530 295 -1 -1 -1 -1 
380 7 992 1 537 307 -1 -1 -1 -1 
381 7 995 3 534 321 -1 -1 -1 -1 
382 7 992 2 531 337 -1 -1 -1 -1 
383 7 986 1 536 351 -1 -1 -1 -1 
384 7 972 1 567 362 -1 -1 -1 -1 
385 7 988 0 547 377 -1 -1 -1 -1 
386 7 970 0 578 390 -1 -1 -1 -1 
386 9 450 0 357 184 -1 -1 -1 -1 
387 7 970 0 571 404 -1 -1 -1 -1 
387 9 428 0 390 195 -1 -1 -1 -1 
388 7 961 0 584 416 -1 -1 -1 -1 
388 9 427 0 388 209 -1 -1 -1 -1 
389 7 959 0 589 425 -1 -1 -1 -1 
389 9 418 0 399 219 -1 -1 -1 -1 
390 7 959 0 595 439 -1 -1 -1 -1 
390 9 419 0 392 232 -1 -1 -1 -1 
391 7 957 1 599 450 -1 -1 -1 -1 
391 9 423 0 382 250 -1 -1 -1 -1 
392 7 963 3 598 462 -1 -1 -1 -1 
392 9 419 0 383 266 -1 -1 -1 -1 
393 7 958 3 610 476 -1 -1 -1 -1 
393 9 414 0 386 281 -1 -1 -1 -1 
394 7 967 5 598 488 -1 -1 -1 -1 
394 9 411 2 389 296 -1 -1 -1 -1 
395 7 970 8 594 496 -1 -1 -1 -1 
395 9 404 2 402 308 -1 -1 -1 -1 
396 7 957 8 619 509 -1 -1 -1 -1 
396 9 395 2 414 318 -1 -1 -1 -1 
397 7 953 10 623 517 -1 -1 -1 -1 
397 9 394 2 406 337 -1 -1 -1 -1 
398 7 946 11 634 529 -1 -1 -1 -1 
398 9 390 2 415 352 -1 -1 -1 -1 
399 7 940 10 640 542 -1 -1 -1 -1 
399 9 385 3 422 362 -1 -1 -1 -1 
400 7 938 10 640 556 -1 -1 -1 -1 
400 9 378 4 431 374 -1 -1 -1 -1 
401 7 939 11 642 573 -1 -1 -1 -1 
401 9 370 3 438 388 -1 -1 -1 -1 
402 7 930 11 654 593 -1 -1 -1 -1 
402 9 365 4 433 400 -1 -1 -1 -1 
403 7 930 13 658 609 -1 -1 -1 -1 
403 9 367 6 427 410 -1 -1 -1 -1 
404 7 923 14 665 626 -1 -1 -1 -1 
404 9 363 7 439 427 -1 -1 -1 -1 
405 7 915 16 672 640 -1 -1 -1 -1 
405 9 360 9 440 440 -1 -1 -1 -1 
406 7 912 22 671 652 -1 -1 -1 -1 
406 9 358 11 433 449 -1 -1 -1 -1 
407 7 905 25 677 667 -1 -1 -1 -1 
407 9 369 13 415 463 -1 -1 -1 -1 
408 7 904 32 679 680 -1 -1 -1 -1 
408 9 359 17 435 479 -1 -1 -1 -1 
409 7 902 41 683 685 -1 -1 -1 -1 
409 9 354 23 444 489 -1 -1 -1 -1 
410 7 897 56 694 684 -1 -1 -1 -1 
410 9 352 36 443 494 -1 -1 -1 -1 
411 7 893 70 698 688 -1 -1 -1 -1 
411 9 348 47 450 501 -1 -1 -1 -1 
412 7 890 88 697 684 -1 -1 -1 -1 
412 9 350 61 454 503 -1 -1 -1 -1 
413 7 890 108 695 680 -1 -1 -1 -1 
413 9 350 81 452 496 -1 -1 -1 -1 
414 7 898 124 680 688 -1 -1 -1 -1 
414 9 346 92 451 499 -1 -1 -1 -1 
415 7 894 145 695 680 -1 -1 -1 -1 
415 9 345 110 448 496 -1 -1 -1 -1 
416 7 889 162 705 673 -1 -1 -1 -1 
416 9 338 131 468 494 -1 -1 -1 -1 
417 7 901 179 684 678 -1 -1 -1 -1 
417 9 334 150 471 489 -1 -1 -1 -1 
418 7 894 203 694 674 -1 -1 -1 -1 
418 9 341 165 457 497 -1 -1 -1 -1 
419 7 899 217 687 681 -1 -1 -1 -1 
419 9 331 173 472 507 -1 -1 -1 -1 
420 7 898 232 690 688 -1 -1 -1 -1 
420 9 325 188 472 509 -1 -1 -1 -1 
421 7 890 252 709 683 -1 -1 -1 -1 
421 9 322 205 475 503 -1 -1 -1 -1 
422 7 888 269 712 684 -1 -1 -1 -1 
422 9 318 217 468 506 -1 -1 -1 -1 
423 7 885 285 702 677 -1 -1 -1 -1 
423 9 323 236 452 498 -1 -1 -1 -1 
424 7 883 302 704 679 -1 -1 -1 -1 
424 9 321 255 448 493 -1 -1 -1 -1 
425 7 878 318 713 681 -1 -1 -1 -1 
425 9 316 264 455 497 -1 -1 -1 -1 
426 7 881 338 702 679 -1 -1 -1 -1 
426 9 322 282 441 499 -1 -1 -1 -1 
427 7 872 355 711 675 -1 -1 -1 -1 
427 9 318 297 440 506 -1 -1 -1 -1 
428 7 864 371 717 663 -1 -1 -1 -1 
428 9 308 313 466 498 -1 -1 -1 -1 
429 7 863 389 714 649 -1 -1 -1 -1 
429 9 318 331 445 497 -1 -1 -1 -1 
430 7 868 409 694 640 -1 -1 -1 -1 
430 9 310 348 466 497 -1 -1 -1 -1 
431 7 858 426 709 630 -1 -1 -1 -1 
431 9 311 361 464 495 -1 -1 -1 -1 
432 7 849 448 717 612 -1 -1 -1 -1 
432 9 310 375 453 499 -1 -1 -1 -1 
433 7 841 471 725 594 -1 -1 -1 -1 
433 9 310 391 456 498 -1 -1 -1 -1 
434 7 837 489 717 575 -1 -1 -1 -1 
434 9 313 407 451 496 -1 -1 -1 -1 
435 7 835 508 722 556 -1 -1 -1 -1 
435 9 311 419 449 498 -1 -1 -1 -1 
436 7 836 529 721 538 -1 -1 -1 -1 
436 9 316 434 450 502 -1 -1 -1 -1 
437 7 828 550 723 518 -1 -1 -1 -1 
437 9 310 454 454 498 -1 -1 -1 -1 
438 7 826 568 721 501 -1 -1 -1 -1 
438 9 309 470 452 499 -1 -1 -1 -1 
439 7 822 591 740 481 -1 -1 -1 -1 
439 9 307 494 457 488 -1 -1 -1 -1 
440 7 824 609 737 465 -1 -1 -1 -1 
440 9 309 517 460 478 -1 -1 -1 -1 
441 7 816 627 736 444 -1 -1 -1 -1 
441 9 314 526 450 484 -1 -1 -1 -1 
442 7 811 643 727 427 -1 -1 -1 -1 
442 9 310 541 460 482 -1 -1 -1 -1 
443 7 816 657 717 416 -1 -1 -1 -1 
443 9 308 559 461 471 -1 -1 -1 -1 
444 7 812 675 729 404 -1 -1 -1 -1 
444 9 310 580 454 457 -1 -1 -1 -1 
445 7 827 701 726 377 -1 -1 -1 -1 
445 9 310 608 455 440 -1 -1 -1 -1 
446 7 884 733 373 346 -1 -1 -1 -1 
446 9 314 587 438 481 -1 -1 -1 -1 
447 7 884 755 323 321 -1 -1 -1 -1 
447 9 315 571 436 499 -1 -1 -1 -1 
448 7 843 776 372 303 -1 -1 -1 -1 
448 9 313 567 444 499 -1 -1 -1 -1 
448 10 1238 743 320 332 -1 -1 -1 -1 
449 7 830 787 404 292 -1 -1 -1 -1 
449 9 312 572 451 494 -1 -1 -1 -1 
449 10 1251 761 310 314 -1 -1 -1 -1 
450 7 841 808 366 271 -1 -1 -1 -1 
450 9 300 644 484 426 -1 -1 -1 -1 
450 10 1264 772 300 301 -1 -1 -1 -1 
451 7 843 824 365 255 -1 -1 -1 -1 
451 9 323 677 441 399 -1 -1 -1 -1 
451 10 1247 781 314 293 -1 -1 -1 -1 
452 7 846 836 366 243 -1 -1 -1 -1 
452 9 323 705 441 371 -1 -1 -1 -1 
452 10 1249 800 311 275 -1 -1 -1 -1 
453 7 850 848 360 231 -1 -1 -1 -1 
453 9 325 715 438 364 -1 -1 -1 -1 
453 10 1241 792 318 286 -1 -1 -1 -1 
454 7 862 862 335 217 -1 -1 -1 -1 
454 9 322 738 446 339 -1 -1 -1 -1 
454 10 1240 803 328 274 -1 -1 -1 -1 
455 7 853 882 355 197 -1 -1 -1 -1 
455 9 328 728 426 351 -1 -1 -1 -1 
455 10 1251 834 314 242 -1 -1 -1 -1 
456 7 852 892 376 187 -1 -1 -1 -1 
456 9 321 733 439 346 -1 -1 -1 -1 
457 7 858 909 356 170 -1 -1 -1 -1 
458 9 332 753 425 326 -1 -1 -1 -1 
459 9 318 766 448 313 -1 -1 -1 -1 
460 9 318 771 436 308 -1 -1 -1 -1 
461 9 313 779 445 300 -1 -1 -1 -1 
462 9 312 785 445 294 -1 -1 -1 -1 
463 9 304 791 452 288 -1 -1 -1 -1 
538 11 703 0 365 197 -1 -1 -1 -1 
539 11 690 0 387 208 -1 -1 -1 -1 
540 11 678 1 402 219 -1 -1 -1 -1 
541 11 669 0 409 237 -1 -1 -1 -1 
542 11 673 0 404 254 -1 -1 -1 -1 
543 11 668 0 411 269 -1 -1 -1 -1 
544 11 670 0 411 285 -1 -1 -1 -1 
545 11 642 0 450 294 -1 -1 -1 -1 
546 11 647 0 446 313 -1 -1 -1 -1 
547 11 615 2 478 328 -1 -1 -1 -1 
548 11 632 1 454 349 -1 -1 -1 -1 
549 11 626 1 458 364 -1 -1 -1 -1 
550 11 634 1 443 382 -1 -1 -1 -1 
551 11 615 3 469 398 -1 -1 -1 -1 
552 11 598 4 479 411 -1 -1 -1 -1 
553 11 597 7 469 424 -1 -1 -1 -1 
554 11 590 6 475 442 -1 -1 -1 -1 
555 11 578 8 483 457 -1 -1 -1 -1 
556 11 583 11 473 476 -1 -1 -1 -1 
557 11 583 15 475 490 -1 -1 -1 -1 
558 11 583 20 477 505 -1 -1 -1 -1 
559 11 574 26 486 515 -1 -1 -1 -1 
560 11 565 35 494 525 -1 -1 -1 -1 
561 11 567 48 492 533 -1 -1 -1 -1 
562 11 567 61 495 538 -1 -1 -1 -1 
563 11 563 78 497 543 -1 -1 -1 -1 
564 11 562 92 498 542 -1 -1 -1 -1 
565 11 560 105 498 544 -1 -1 -1 -1 
566 11 557 120 499 550 -1 -1 -1 -1 
567 11 551 135 508 557 -1 -1 -1 -1 
568 11 546 151 513 563 -1 -1 -1 -1 
569 11 548 166 509 566 -1 -1 -1 -1 
570 11 543 182 514 563 -1 -1 -1 -1 
571 11 546 197 509 562 -1 -1 -1 -1 
572 11 548 209 504 563 -1 -1 -1 -1 
573 11 547 227 507 563 -1 -1 -1 -1 
574 11 549 245 505 566 -1 -1 -1 -1 
575 11 543 262 508 564 -1 -1 -1 -1 
576 11 543 276 505 565 -1 -1 -1 -1 
577 11 544 293 499 563 -1 -1 -1 -1 
578 11 545 313 498 560 -1 -1 -1 -1 
579 11 540 334 504 556 -1 -1 -1 -1 
580 11 544 350 499 561 -1 -1 -1 -1 
581 11 534 365 508 556 -1 -1 -1 -1 
582 11 528 383 512 547 -1 -1 -1 -1 
583 11 536 397 498 549 -1 -1 -1 -1 
584 11 528 418 504 543 -1 -1 -1 -1 
585 11 529 435 503 543 -1 -1 -1 -1 
586 11 525 452 499 546 -1 -1 -1 -1 
587 11 525 466 497 546 -1 -1 -1 -1 
588 11 519 480 504 546 -1 -1 -1 -1 
589 11 515 497 501 540 -1 -1 -1 -1 
590 11 517 515 498 533 -1 -1 -1 -1 
591 11 515 530 502 526 -1 -1 -1 -1 
592 11 508 546 508 516 -1 -1 -1 -1 
593 11 510 559 499 500 -1 -1 -1 -1 
594 11 507 571 503 488 -1 -1 -1 -1 
595 11 504 587 509 479 -1 -1 -1 -1 
596 11 509 606 504 465 -1 -1 -1 -1 
597 11 512 617 495 456 -1 -1 -1 -1 
598 11 463 634 559 441 -1 -1 -1 -1 
599 11 404 648 624 430 -1 -1 -1 -1 
600 11 387 665 619 413 -1 -1 -1 -1 
601 11 389 679 602 400 -1 -1 -1 -1 
602 11 407 695 600 384 -1 -1 -1 -1 
603 11 463 711 531 368 -1 -1 -1 -1 
604 11 458 725 533 354 -1 -1 -1 -1 
605 11 424 742 564 337 -1 -1 -1 -1 
606 11 445 755 520 319 -1 -1 -1 -1 
607 11 484 769 469 308 -1 -1 -1 -1 
608 11 420 784 563 294 -1 -1 -1 -1 
609 11 447 800 537 279 -1 -1 -1 -1 
773 12 1073 0 464 195 -1 -1 -1 -1 
774 12 1070 1 469 202 -1 -1 -1 -1 
775 12 1069 1 470 214 -1 -1 -1 -1 
776 12 1067 2 470 225 -1 -1 -1 -1 
777 12 1068 1 464 238 -1 -1 -1 -1 
778 12 1069 1 464 248 -1 -1 -1 -1 
779 12 1066 3 465 260 -1 -1 -1 -1 
780 12 1067 3 462 276 -1 -1 -1 -1 
781 12 1069 4 461 291 -1 -1 -1 -1 
782 12 1073 6 455 302 -1 -1 -1 -1 
783 12 1071 6 456 316 -1 -1 -1 -1 
784 12 1075 5 449 330 -1 -1 -1 -1 
785 12 1078 6 446 342 -1 -1 -1 -1 
786 12 1072 9 457 352 -1 -1 -1 -1 
787 12 1064 14 467 364 -1 -1 -1 -1 
788 12 1062 20 472 373 -1 -1 -1 -1 
789 12 1060 28 476 381 -1 -1 -1 -1 
790 12 1062 40 474 385 -1 -1 -1 -1 
791 12 1061 55 481 382 -1 -1 -1 -1 
792 12 1058 71 487 377 -1 -1 -1 -1 
793 12 1063 81 474 377 -1 -1 -1 -1 
794 12 1056 97 484 378 -1 -1 -1 -1 
795 12 1050 115 493 380 -1 -1 -1 -1 
796 12 1047 126 497 385 -1 -1 -1 -1 
797 12 1056 135 482 392 -1 -1 -1 -1 
798 12 1061 149 477 393 -1 -1 -1 -1 
799 12 1061 162 478 391 -1 -1 -1 -1 
800 12 1074 173 467 396 -1 -1 -1 -1 
801 12 1068 185 477 400 -1 -1 -1 -1 
802 12 1062 199 487 403 -1 -1 -1 -1 
803 12 1052 219 501 399 -1 -1 -1 -1 
804 12 1051 237 501 395 -1 -1 -1 -1 
805 12 1049 250 499 393 -1 -1 -1 -1 
806 12 1052 265 495 394 -1 -1 -1 -1 
807 12 1051 282 497 394 -1 -1 -1 -1 
808 12 1044 297 505 398 -1 -1 -1 -1 
809 12 1039 314 508 398 -1 -1 -1 -1 
810 12 1035 330 511 398 -1 -1 -1 -1 
811 12 1033 346 515 391 -1 -1 -1 -1 
812 12 1046 363 491 386 -1 -1 -1 -1 
813 12 1046 375 496 390 -1 -1 -1 -1 
814 12 1031 392 515 387 -1 -1 -1 -1 
815 12 1039 408 499 388 -1 -1 -1 -1 
816 12 1040 421 494 392 -1 -1 -1 -1 
817 12 1034 439 500 388 -1 -1 -1 -1 
818 12 1045 456 479 385 -1 -1 -1 -1 
819 12 1056 469 463 381 -1 -1 -1 -1 
820 12 1039 485 481 381 -1 -1 -1 -1 
821 12 1029 503 489 381 -1 -1 -1 -1 
822 12 1025 518 489 378 -1 -1 -1 -1 
823 12 1016 535 511 378 -1 -1 -1 -1 
824 12 1018 552 509 375 -1 -1 -1 -1 
825 12 1018 567 497 369 -1 -1 -1 -1 
826 12 1025 580 486 369 -1 -1 -1 -1 
827 12 1015 598 507 373 -1 -1 -1 -1 
828 12 1020 614 485 371 -1 -1 -1 -1 
829 12 1016 628 492 367 -1 -1 -1 -1 
830 12 1008 647 507 362 -1 -1 -1 -1 
831 12 1008 667 498 356 -1 -1 -1 -1 
832 12 1001 680 510 359 -1 -1 -1 -1 
833 12 1001 698 507 352 -1 -1 -1 -1 
834 12 991 716 516 350 -1 -1 -1 -1 
835 12 999 731 498 346 -1 -1 -1 -1 
836 12 997 749 500 330 -1 -1 -1 -1 
837 12 983 769 515 310 -1 -1 -1 -1 
838 12 984 784 501 295 -1 -1 -1 -1 
839 12 986 795 499 284 -1 -1 -1 -1 
840 12 988 811 496 268 -1 -1 -1 -1 
841 12 984 823 493 256 -1 -1 -1 -1 
842 12 982 839 492 240 -1 -1 -1 -1 
843 12 972 859 519 220 -1 -1 -1 -1 
844 12 977 875 504 204 -1 -1 -1 -1 
845 12 977 889 501 190 -1 -1 -1 -1 
846 12 969 902 516 177 -1 -1 -1 -1 
847 12 971 915 511 164 -1 -1 -1 -1 
848 12 972 927 508 152 -1 -1 -1 -1 
