232 1 558 4 482 194 -1 -1 -1 -1 
233 1 557 3 492 211 -1 -1 -1 -1 
234 1 553 4 497 225 -1 -1 -1 -1 
235 1 538 7 519 236 -1 -1 -1 -1 
236 1 534 7 520 247 -1 -1 -1 -1 
237 1 528 7 525 259 -1 -1 -1 -1 
238 1 527 6 525 273 -1 -1 -1 -1 
239 1 528 6 517 290 -1 -1 -1 -1 
240 1 525 6 516 308 -1 -1 -1 -1 
241 1 525 5 513 327 -1 -1 -1 -1 
242 1 528 4 506 341 -1 -1 -1 -1 
243 1 530 1 505 357 -1 -1 -1 -1 
244 1 527 0 507 370 -1 -1 -1 -1 
245 1 524 5 504 373 -1 -1 -1 -1 
246 1 527 12 489 382 -1 -1 -1 -1 
247 1 522 17 492 392 -1 -1 -1 -1 
248 1 511 21 514 406 -1 -1 -1 -1 
249 1 509 24 513 421 -1 -1 -1 -1 
250 1 509 23 503 434 -1 -1 -1 -1 
251 1 506 29 507 447 -1 -1 -1 -1 
252 1 504 39 509 451 -1 -1 -1 -1 
253 1 502 49 509 455 -1 -1 -1 -1 
254 1 492 60 517 460 -1 -1 -1 -1 
255 1 487 74 527 464 -1 -1 -1 -1 
256 1 489 87 517 470 -1 -1 -1 -1 
257 1 493 105 514 469 -1 -1 -1 -1 
258 1 484 126 532 463 -1 -1 -1 -1 
259 1 485 140 528 462 -1 -1 -1 -1 
260 1 484 153 518 461 -1 -1 -1 -1 
261 1 480 169 519 459 -1 -1 -1 -1 
262 1 478 183 526 462 -1 -1 -1 -1 
263 1 477 196 523 465 -1 -1 -1 -1 
264 1 476 217 523 461 -1 -1 -1 -1 
265 1 478 235 514 457 -1 -1 -1 -1 
266 1 477 249 512 458 -1 -1 -1 -1 
267 1 474 265 519 456 -1 -1 -1 -1 
268 1 475 280 518 456 -1 -1 -1 -1 
269 1 480 290 511 475 -1 -1 -1 -1 
270 1 469 308 525 474 -1 -1 -1 -1 
270 2 600 1 458 201 -1 -1 -1 -1 
271 1 469 327 523 468 -1 -1 -1 -1 
271 2 606 4 455 212 -1 -1 -1 -1 
272 1 468 342 522 465 -1 -1 -1 -1 
272 2 602 8 441 225 -1 -1 -1 -1 
273 1 465 362 529 458 -1 -1 -1 -1 
273 2 589 9 451 239 -1 -1 -1 -1 
274 1 469 381 522 456 -1 -1 -1 -1 
274 2 574 7 488 256 -1 -1 -1 -1 
275 1 468 396 524 466 -1 -1 -1 -1 
275 2 569 6 497 273 -1 -1 -1 -1 
276 1 462 414 527 465 -1 -1 -1 -1 
276 2 572 5 474 294 -1 -1 -1 -1 
277 1 457 432 533 459 -1 -1 -1 -1 
277 2 567 3 492 311 -1 -1 -1 -1 
278 1 456 449 531 454 -1 -1 -1 -1 
278 2 565 1 485 329 -1 -1 -1 -1 
279 1 457 466 526 452 -1 -1 -1 -1 
279 2 555 1 501 343 -1 -1 -1 -1 
280 1 457 485 525 450 -1 -1 -1 -1 
280 2 551 1 506 356 -1 -1 -1 -1 
281 1 458 502 521 455 -1 -1 -1 -1 
281 2 549 3 506 364 -1 -1 -1 -1 
282 1 457 524 522 445 -1 -1 -1 -1 
282 2 547 2 514 380 -1 -1 -1 -1 
282 4 1078 1 342 260 -1 -1 -1 -1 
283 1 459 540 514 441 -1 -1 -1 -1 
283 2 540 1 519 395 -1 -1 -1 -1 
283 4 1058 1 352 274 -1 -1 -1 -1 
284 1 456 559 517 439 -1 -1 -1 -1 
284 2 534 4 525 410 -1 -1 -1 -1 
284 4 1031 0 388 286 -1 -1 -1 -1 
285 1 457 577 514 434 -1 -1 -1 -1 
285 2 521 6 549 422 -1 -1 -1 -1 
286 1 455 598 518 424 -1 -1 -1 -1 
286 2 520 5 541 437 -1 -1 -1 -1 
287 1 453 615 522 427 -1 -1 -1 -1 
287 2 514 12 542 439 -1 -1 -1 -1 
288 1 453 636 517 418 -1 -1 -1 -1 
288 2 513 16 534 446 -1 -1 -1 -1 
289 1 456 650 508 411 -1 -1 -1 -1 
289 2 506 21 539 456 -1 -1 -1 -1 
290 1 456 662 505 406 -1 -1 -1 -1 
290 2 507 25 528 468 -1 -1 -1 -1 
291 1 456 682 505 397 -1 -1 -1 -1 
291 2 508 24 509 482 -1 -1 -1 -1 
291 5 952 8 426 342 -1 -1 -1 -1 
292 1 447 704 529 375 -1 -1 -1 -1 
292 2 493 43 543 475 -1 -1 -1 -1 
292 5 947 7 418 328 -1 -1 -1 -1 
292 6 1383 9 242 154 -1 -1 -1 -1 
293 1 448 718 523 361 -1 -1 -1 -1 
293 2 495 41 537 496 -1 -1 -1 -1 
293 5 930 1 424 312 -1 -1 -1 -1 
293 6 1379 9 251 170 -1 -1 -1 -1 
294 1 450 733 508 346 -1 -1 -1 -1 
294 2 493 43 536 514 -1 -1 -1 -1 
294 5 935 0 384 318 -1 -1 -1 -1 
294 6 1368 8 271 184 -1 -1 -1 -1 
295 1 447 749 503 330 -1 -1 -1 -1 
295 2 481 38 546 540 -1 -1 -1 -1 
295 5 903 2 411 260 -1 -1 -1 -1 
295 6 1364 8 279 194 -1 -1 -1 -1 
296 1 450 762 491 317 -1 -1 -1 -1 
296 2 482 40 548 562 -1 -1 -1 -1 
296 5 899 4 384 248 -1 -1 -1 -1 
296 6 1366 7 276 205 -1 -1 -1 -1 
297 1 446 780 498 299 -1 -1 -1 -1 
297 2 476 33 561 591 -1 -1 -1 -1 
297 5 901 3 385 290 -1 -1 -1 -1 
297 6 1366 7 274 218 -1 -1 -1 -1 
298 1 449 797 494 282 -1 -1 -1 -1 
298 2 463 39 576 602 -1 -1 -1 -1 
298 5 892 1 405 325 -1 -1 -1 -1 
298 6 1367 6 273 231 -1 -1 -1 -1 
299 1 459 811 467 268 -1 -1 -1 -1 
299 2 457 44 584 613 -1 -1 -1 -1 
299 5 871 1 439 362 -1 -1 -1 -1 
299 6 1364 6 275 246 -1 -1 -1 -1 
300 1 460 831 478 248 -1 -1 -1 -1 
300 2 453 55 587 621 -1 -1 -1 -1 
300 5 886 1 425 395 -1 -1 -1 -1 
300 6 1356 6 287 256 -1 -1 -1 -1 
301 1 455 849 466 230 -1 -1 -1 -1 
301 2 458 73 580 624 -1 -1 -1 -1 
301 5 879 0 440 422 -1 -1 -1 -1 
301 6 1359 9 282 270 -1 -1 -1 -1 
302 1 460 868 446 211 -1 -1 -1 -1 
302 2 470 64 560 655 -1 -1 -1 -1 
302 5 854 0 478 399 -1 -1 -1 -1 
302 6 1356 11 289 286 -1 -1 -1 -1 
303 1 460 883 431 196 -1 -1 -1 -1 
303 2 470 73 556 666 -1 -1 -1 -1 
303 5 853 0 476 399 -1 -1 -1 -1 
303 6 1352 13 296 299 -1 -1 -1 -1 
304 1 466 890 387 189 -1 -1 -1 -1 
304 2 451 117 598 634 -1 -1 -1 -1 
304 5 849 0 484 432 -1 -1 -1 -1 
304 6 1348 14 300 316 -1 -1 -1 -1 
305 1 455 902 396 177 -1 -1 -1 -1 
305 2 454 125 587 639 -1 -1 -1 -1 
305 5 877 2 451 418 -1 -1 -1 -1 
305 6 1348 9 309 339 -1 -1 -1 -1 
306 1 454 913 399 166 -1 -1 -1 -1 
306 2 466 136 567 644 -1 -1 -1 -1 
306 5 882 6 448 409 -1 -1 -1 -1 
306 6 1351 9 314 353 -1 -1 -1 -1 
307 1 451 926 426 153 -1 -1 -1 -1 
307 2 462 151 571 647 -1 -1 -1 -1 
307 5 889 4 436 421 -1 -1 -1 -1 
307 6 1342 12 328 349 -1 -1 -1 -1 
308 1 461 941 401 138 -1 -1 -1 -1 
308 2 471 169 551 656 -1 -1 -1 -1 
308 5 859 5 472 424 -1 -1 -1 -1 
308 6 1343 14 325 359 -1 -1 -1 -1 
309 2 460 182 560 654 -1 -1 -1 -1 
309 5 876 1 438 516 -1 -1 -1 -1 
309 6 1340 15 331 370 -1 -1 -1 -1 
310 2 445 214 586 636 -1 -1 -1 -1 
310 5 811 7 524 483 -1 -1 -1 -1 
310 6 1337 15 338 386 -1 -1 -1 -1 
310 7 386 7 397 195 -1 -1 -1 -1 
311 2 446 233 571 628 -1 -1 -1 -1 
311 5 834 14 488 468 -1 -1 -1 -1 
311 6 1337 17 340 400 -1 -1 -1 -1 
311 7 377 8 433 212 -1 -1 -1 -1 
312 2 441 246 570 633 -1 -1 -1 -1 
312 5 842 13 470 466 -1 -1 -1 -1 
312 6 1336 19 341 419 -1 -1 -1 -1 
312 7 363 5 463 231 -1 -1 -1 -1 
313 2 431 258 582 641 -1 -1 -1 -1 
313 5 785 11 534 497 -1 -1 -1 -1 
313 6 1332 21 351 432 -1 -1 -1 -1 
313 7 355 6 480 246 -1 -1 -1 -1 
314 2 441 278 570 633 -1 -1 -1 -1 
314 5 766 16 547 505 -1 -1 -1 -1 
314 6 1329 23 358 444 -1 -1 -1 -1 
315 2 438 298 582 646 -1 -1 -1 -1 
315 5 767 24 544 497 -1 -1 -1 -1 
315 6 1339 25 343 463 -1 -1 -1 -1 
316 2 435 314 583 644 -1 -1 -1 -1 
316 5 758 27 548 503 -1 -1 -1 -1 
316 6 1331 27 358 478 -1 -1 -1 -1 
317 2 445 331 563 646 -1 -1 -1 -1 
317 5 756 27 546 517 -1 -1 -1 -1 
317 6 1332 30 358 490 -1 -1 -1 -1 
318 2 444 341 561 653 -1 -1 -1 -1 
318 5 750 29 550 531 -1 -1 -1 -1 
318 6 1328 35 366 505 -1 -1 -1 -1 
319 2 446 361 555 648 -1 -1 -1 -1 
319 5 748 35 540 572 -1 -1 -1 -1 
319 6 1325 40 372 509 -1 -1 -1 -1 
320 2 447 380 553 647 -1 -1 -1 -1 
320 5 737 33 553 590 -1 -1 -1 -1 
320 6 1327 49 370 514 -1 -1 -1 -1 
320 9 311 12 470 348 -1 -1 -1 -1 
321 2 449 419 564 635 -1 -1 -1 -1 
321 5 726 35 564 610 -1 -1 -1 -1 
321 6 1328 56 369 527 -1 -1 -1 -1 
321 9 306 15 464 352 -1 -1 -1 -1 
322 2 464 565 569 491 -1 -1 -1 -1 
322 5 733 26 551 660 -1 -1 -1 -1 
322 6 1328 61 372 540 -1 -1 -1 -1 
322 9 306 17 450 369 -1 -1 -1 -1 
323 2 476 495 526 581 -1 -1 -1 -1 
323 5 732 27 559 690 -1 -1 -1 -1 
323 6 1325 61 375 557 -1 -1 -1 -1 
323 9 305 20 441 387 -1 -1 -1 -1 
324 2 448 476 557 598 -1 -1 -1 -1 
324 5 724 31 569 705 -1 -1 -1 -1 
324 6 1327 72 373 554 -1 -1 -1 -1 
324 9 298 19 454 394 -1 -1 -1 -1 
325 2 454 495 552 584 -1 -1 -1 -1 
325 5 724 46 570 698 -1 -1 -1 -1 
325 6 1331 73 365 569 -1 -1 -1 -1 
325 9 301 21 447 409 -1 -1 -1 -1 
326 2 446 494 562 585 -1 -1 -1 -1 
326 5 718 68 579 690 -1 -1 -1 -1 
326 6 1326 91 376 568 -1 -1 -1 -1 
326 9 295 20 444 428 -1 -1 -1 -1 
327 2 417 497 589 582 -1 -1 -1 -1 
327 5 722 81 570 699 -1 -1 -1 -1 
327 6 1319 112 384 561 -1 -1 -1 -1 
327 9 282 23 460 436 -1 -1 -1 -1 
328 2 399 519 595 560 -1 -1 -1 -1 
328 5 715 81 581 718 -1 -1 -1 -1 
328 6 1319 123 384 566 -1 -1 -1 -1 
328 9 277 28 460 443 -1 -1 -1 -1 
329 2 395 539 582 540 -1 -1 -1 -1 
329 5 713 98 581 722 -1 -1 -1 -1 
329 6 1319 137 382 573 -1 -1 -1 -1 
329 9 274 35 462 445 -1 -1 -1 -1 
330 2 389 552 570 527 -1 -1 -1 -1 
330 5 710 113 587 721 -1 -1 -1 -1 
330 6 1320 159 380 570 -1 -1 -1 -1 
330 9 277 47 446 452 -1 -1 -1 -1 
331 2 396 627 604 452 -1 -1 -1 -1 
331 5 712 132 582 732 -1 -1 -1 -1 
331 6 1323 175 375 568 -1 -1 -1 -1 
331 9 272 53 446 464 -1 -1 -1 -1 
332 2 391 593 500 478 -1 -1 -1 -1 
332 5 711 146 584 735 -1 -1 -1 -1 
332 6 1321 188 376 575 -1 -1 -1 -1 
332 9 266 58 454 473 -1 -1 -1 -1 
333 2 360 589 526 484 -1 -1 -1 -1 
333 5 707 160 582 724 -1 -1 -1 -1 
333 6 1317 201 381 585 -1 -1 -1 -1 
333 9 264 61 450 486 -1 -1 -1 -1 
334 2 350 603 527 476 -1 -1 -1 -1 
334 5 701 171 584 744 -1 -1 -1 -1 
334 6 1312 219 388 584 -1 -1 -1 -1 
335 5 692 189 596 750 -1 -1 -1 -1 
335 6 1309 225 389 595 -1 -1 -1 -1 
335 9 254 78 460 492 -1 -1 -1 -1 
336 5 690 207 595 754 -1 -1 -1 -1 
336 6 1311 237 386 598 -1 -1 -1 -1 
336 9 255 90 448 495 -1 -1 -1 -1 
337 5 693 219 588 761 -1 -1 -1 -1 
337 6 1317 255 377 593 -1 -1 -1 -1 
337 9 253 108 452 488 -1 -1 -1 -1 
338 5 690 235 591 751 -1 -1 -1 -1 
338 6 1315 273 382 590 -1 -1 -1 -1 
338 9 249 124 455 474 -1 -1 -1 -1 
339 5 692 252 582 736 -1 -1 -1 -1 
339 6 1311 287 383 596 -1 -1 -1 -1 
339 9 250 146 452 458 -1 -1 -1 -1 
340 5 688 273 597 728 -1 -1 -1 -1 
340 6 1308 298 388 602 -1 -1 -1 -1 
340 9 251 162 448 450 -1 -1 -1 -1 
341 5 688 288 586 726 -1 -1 -1 -1 
341 6 1307 312 387 610 -1 -1 -1 -1 
341 9 248 175 451 446 -1 -1 -1 -1 
342 5 685 302 588 723 -1 -1 -1 -1 
342 6 1308 326 384 614 -1 -1 -1 -1 
342 9 248 186 446 453 -1 -1 -1 -1 
343 5 684 315 586 719 -1 -1 -1 -1 
343 6 1312 342 374 613 -1 -1 -1 -1 
343 9 247 198 446 455 -1 -1 -1 -1 
344 5 682 330 581 703 -1 -1 -1 -1 
344 6 1312 355 370 617 -1 -1 -1 -1 
344 9 243 210 450 447 -1 -1 -1 -1 
345 5 673 348 585 690 -1 -1 -1 -1 
345 6 1309 369 376 620 -1 -1 -1 -1 
345 9 237 229 459 450 -1 -1 -1 -1 
346 5 677 362 580 683 -1 -1 -1 -1 
346 6 1304 381 381 618 -1 -1 -1 -1 
346 9 241 248 443 451 -1 -1 -1 -1 
347 5 678 380 572 668 -1 -1 -1 -1 
347 6 1300 395 380 619 -1 -1 -1 -1 
347 9 241 263 440 460 -1 -1 -1 -1 
348 5 684 408 559 631 -1 -1 -1 -1 
348 6 1296 415 379 614 -1 -1 -1 -1 
348 9 238 280 445 465 -1 -1 -1 -1 
349 5 701 425 534 610 -1 -1 -1 -1 
349 6 1294 425 377 614 -1 -1 -1 -1 
349 9 254 286 429 555 -1 -1 -1 -1 
350 5 694 431 549 619 -1 -1 -1 -1 
350 6 1298 444 370 608 -1 -1 -1 -1 
350 9 222 303 477 501 -1 -1 -1 -1 
351 5 687 442 563 614 -1 -1 -1 -1 
351 6 1292 463 371 596 -1 -1 -1 -1 
351 9 249 320 447 624 -1 -1 -1 -1 
352 5 680 457 564 604 -1 -1 -1 -1 
352 6 1285 490 376 575 -1 -1 -1 -1 
352 9 232 336 483 648 -1 -1 -1 -1 
353 5 675 476 554 592 -1 -1 -1 -1 
353 6 1291 510 362 562 -1 -1 -1 -1 
353 9 224 351 496 629 -1 -1 -1 -1 
354 5 662 495 565 576 -1 -1 -1 -1 
354 6 1290 529 366 543 -1 -1 -1 -1 
354 9 218 367 482 594 -1 -1 -1 -1 
355 5 673 513 540 562 -1 -1 -1 -1 
355 6 1277 545 378 529 -1 -1 -1 -1 
355 9 225 392 468 590 -1 -1 -1 -1 
356 5 666 532 549 539 -1 -1 -1 -1 
356 6 1270 560 382 515 -1 -1 -1 -1 
356 9 220 416 470 562 -1 -1 -1 -1 
357 5 669 547 543 525 -1 -1 -1 -1 
357 6 1266 569 385 504 -1 -1 -1 -1 
357 9 228 426 456 597 -1 -1 -1 -1 
358 5 673 559 531 512 -1 -1 -1 -1 
358 6 1270 580 373 490 -1 -1 -1 -1 
358 9 217 439 474 564 -1 -1 -1 -1 
359 5 675 575 532 496 -1 -1 -1 -1 
359 6 1257 600 388 472 -1 -1 -1 -1 
359 9 225 462 464 568 -1 -1 -1 -1 
360 5 676 589 529 482 -1 -1 -1 -1 
360 6 1261 614 377 460 -1 -1 -1 -1 
360 9 226 478 467 568 -1 -1 -1 -1 
361 5 681 607 530 465 -1 -1 -1 -1 
361 6 1245 634 391 438 -1 -1 -1 -1 
361 9 223 495 473 558 -1 -1 -1 -1 
362 5 688 625 520 447 -1 -1 -1 -1 
362 6 1246 653 379 419 -1 -1 -1 -1 
362 9 222 520 474 540 -1 -1 -1 -1 
363 5 688 642 516 430 -1 -1 -1 -1 
363 6 1238 668 383 404 -1 -1 -1 -1 
363 9 227 538 475 522 -1 -1 -1 -1 
364 5 691 661 511 409 -1 -1 -1 -1 
364 6 1243 683 376 392 -1 -1 -1 -1 
364 9 226 558 487 505 -1 -1 -1 -1 
365 5 696 681 503 387 -1 -1 -1 -1 
365 6 1239 696 373 380 -1 -1 -1 -1 
365 9 233 564 471 500 -1 -1 -1 -1 
366 5 700 697 490 374 -1 -1 -1 -1 
366 6 1237 706 372 371 -1 -1 -1 -1 
366 9 235 569 459 495 -1 -1 -1 -1 
367 5 699 712 502 362 -1 -1 -1 -1 
367 6 1248 719 355 359 -1 -1 -1 -1 
367 9 224 589 488 475 -1 -1 -1 -1 
368 5 692 729 506 348 -1 -1 -1 -1 
368 6 1260 737 335 342 -1 -1 -1 -1 
368 9 238 594 444 464 -1 -1 -1 -1 
369 5 684 739 495 339 -1 -1 -1 -1 
369 6 1238 753 353 326 -1 -1 -1 -1 
369 9 239 604 444 449 -1 -1 -1 -1 
370 5 681 753 491 326 -1 -1 -1 -1 
370 6 1236 770 345 309 -1 -1 -1 -1 
370 9 247 621 425 436 -1 -1 -1 -1 
371 5 682 773 481 306 -1 -1 -1 -1 
371 6 1241 781 333 298 -1 -1 -1 -1 
371 9 243 638 426 423 -1 -1 -1 -1 
372 5 689 785 478 294 -1 -1 -1 -1 
372 6 1238 799 328 280 -1 -1 -1 -1 
372 9 245 651 419 411 -1 -1 -1 -1 
373 5 692 801 472 278 -1 -1 -1 -1 
373 6 1239 821 326 258 -1 -1 -1 -1 
373 9 240 673 425 392 -1 -1 -1 -1 
374 5 697 818 452 261 -1 -1 -1 -1 
374 6 1254 831 299 248 -1 -1 -1 -1 
374 9 252 681 412 386 -1 -1 -1 -1 
374 12 1021 2 485 228 -1 -1 -1 -1 
375 5 701 837 450 242 -1 -1 -1 -1 
375 6 1237 850 331 228 -1 -1 -1 -1 
375 9 254 698 412 371 -1 -1 -1 -1 
375 12 1015 2 498 242 -1 -1 -1 -1 
376 5 700 853 454 226 -1 -1 -1 -1 
376 6 1249 860 309 219 -1 -1 -1 -1 
376 9 259 708 406 367 -1 -1 -1 -1 
376 12 1014 2 496 253 -1 -1 -1 -1 
377 5 704 867 427 212 -1 -1 -1 -1 
377 6 1253 875 296 204 -1 -1 -1 -1 
377 9 256 719 409 360 -1 -1 -1 -1 
378 5 716 878 410 201 -1 -1 -1 -1 
378 9 246 733 422 346 -1 -1 -1 -1 
378 12 997 0 539 284 -1 -1 -1 -1 
379 5 725 893 389 186 -1 -1 -1 -1 
379 9 253 748 408 331 -1 -1 -1 -1 
380 9 257 761 396 318 -1 -1 -1 -1 
380 12 988 0 567 310 -1 -1 -1 -1 
381 9 248 779 415 300 -1 -1 -1 -1 
381 12 986 0 565 325 -1 -1 -1 -1 
382 9 249 811 411 268 -1 -1 -1 -1 
382 12 991 0 547 338 -1 -1 -1 -1 
383 9 262 823 384 256 -1 -1 -1 -1 
383 12 988 0 542 350 -1 -1 -1 -1 
384 9 259 837 387 242 -1 -1 -1 -1 
384 12 981 0 558 358 -1 -1 -1 -1 
385 9 255 849 389 230 -1 -1 -1 -1 
385 12 977 0 570 367 -1 -1 -1 -1 
386 9 261 865 375 214 -1 -1 -1 -1 
387 12 966 0 582 386 -1 -1 -1 -1 
388 12 963 0 588 403 -1 -1 -1 -1 
389 12 963 0 594 420 -1 -1 -1 -1 
390 12 956 2 593 434 -1 -1 -1 -1 
391 12 939 8 615 444 -1 -1 -1 -1 
391 13 375 5 440 256 -1 -1 -1 -1 
392 12 940 7 627 455 -1 -1 -1 -1 
392 13 366 12 452 257 -1 -1 -1 -1 
393 12 937 10 629 463 -1 -1 -1 -1 
393 13 369 14 441 268 -1 -1 -1 -1 
394 12 936 14 638 472 -1 -1 -1 -1 
394 13 383 10 422 292 -1 -1 -1 -1 
395 12 934 13 621 482 -1 -1 -1 -1 
395 13 379 9 430 311 -1 -1 -1 -1 
396 12 946 11 614 504 -1 -1 -1 -1 
396 13 366 10 446 321 -1 -1 -1 -1 
397 12 943 11 632 517 -1 -1 -1 -1 
397 13 365 11 444 332 -1 -1 -1 -1 
398 12 941 10 637 531 -1 -1 -1 -1 
398 13 364 13 446 343 -1 -1 -1 -1 
399 12 936 14 646 539 -1 -1 -1 -1 
399 13 357 17 456 353 -1 -1 -1 -1 
400 12 932 15 662 549 -1 -1 -1 -1 
400 13 350 14 460 372 -1 -1 -1 -1 
401 12 929 21 670 561 -1 -1 -1 -1 
401 13 330 15 485 383 -1 -1 -1 -1 
402 12 926 24 674 577 -1 -1 -1 -1 
402 13 321 16 499 393 -1 -1 -1 -1 
403 12 917 29 686 588 -1 -1 -1 -1 
403 13 324 9 485 422 -1 -1 -1 -1 
404 12 918 27 670 615 -1 -1 -1 -1 
404 13 317 5 495 442 -1 -1 -1 -1 
405 12 906 26 680 630 -1 -1 -1 -1 
405 13 315 1 502 461 -1 -1 -1 -1 
406 12 906 21 669 651 -1 -1 -1 -1 
406 13 320 1 492 469 -1 -1 -1 -1 
407 12 894 20 686 669 -1 -1 -1 -1 
407 13 336 18 461 469 -1 -1 -1 -1 
408 12 888 33 699 677 -1 -1 -1 -1 
408 13 323 24 478 483 -1 -1 -1 -1 
409 12 883 56 711 672 -1 -1 -1 -1 
409 13 314 32 488 492 -1 -1 -1 -1 
410 12 887 77 712 677 -1 -1 -1 -1 
410 13 315 43 487 495 -1 -1 -1 -1 
411 12 892 96 702 670 -1 -1 -1 -1 
411 13 316 58 486 497 -1 -1 -1 -1 
412 12 891 99 690 679 -1 -1 -1 -1 
412 13 318 72 481 497 -1 -1 -1 -1 
413 12 888 106 696 697 -1 -1 -1 -1 
413 13 319 84 477 501 -1 -1 -1 -1 
414 12 882 129 705 685 -1 -1 -1 -1 
414 13 320 98 471 504 -1 -1 -1 -1 
415 12 882 152 703 681 -1 -1 -1 -1 
415 13 316 110 477 502 -1 -1 -1 -1 
416 12 882 176 704 677 -1 -1 -1 -1 
416 13 310 128 488 496 -1 -1 -1 -1 
417 12 884 201 685 662 -1 -1 -1 -1 
417 13 309 145 491 494 -1 -1 -1 -1 
418 12 878 197 680 679 -1 -1 -1 -1 
418 13 311 166 488 489 -1 -1 -1 -1 
419 12 879 211 677 683 -1 -1 -1 -1 
419 13 315 176 481 495 -1 -1 -1 -1 
420 12 873 236 697 672 -1 -1 -1 -1 
420 13 319 189 470 501 -1 -1 -1 -1 
421 12 873 259 706 671 -1 -1 -1 -1 
421 13 315 208 480 492 -1 -1 -1 -1 
422 12 869 281 709 661 -1 -1 -1 -1 
422 13 317 224 475 487 -1 -1 -1 -1 
423 12 866 299 730 649 -1 -1 -1 -1 
423 13 314 246 475 481 -1 -1 -1 -1 
424 12 867 296 710 678 -1 -1 -1 -1 
424 13 317 258 465 490 -1 -1 -1 -1 
425 12 857 310 714 674 -1 -1 -1 -1 
425 13 314 270 468 494 -1 -1 -1 -1 
426 12 855 335 708 657 -1 -1 -1 -1 
426 13 313 281 469 503 -1 -1 -1 -1 
427 12 859 361 702 647 -1 -1 -1 -1 
427 13 314 291 469 512 -1 -1 -1 -1 
428 12 857 383 710 639 -1 -1 -1 -1 
428 13 306 310 483 505 -1 -1 -1 -1 
429 12 855 401 708 633 -1 -1 -1 -1 
429 13 302 334 494 493 -1 -1 -1 -1 
430 12 850 403 703 642 -1 -1 -1 -1 
430 13 307 350 485 493 -1 -1 -1 -1 
431 12 842 421 710 630 -1 -1 -1 -1 
431 13 307 362 484 494 -1 -1 -1 -1 
432 12 838 440 709 616 -1 -1 -1 -1 
432 13 307 374 474 502 -1 -1 -1 -1 
433 12 834 464 709 598 -1 -1 -1 -1 
433 13 313 386 461 509 -1 -1 -1 -1 
434 12 826 488 706 581 -1 -1 -1 -1 
434 13 311 406 464 504 -1 -1 -1 -1 
435 12 822 499 710 572 -1 -1 -1 -1 
435 13 311 421 462 501 -1 -1 -1 -1 
436 12 813 519 726 551 -1 -1 -1 -1 
436 13 309 437 465 502 -1 -1 -1 -1 
437 12 814 539 737 534 -1 -1 -1 -1 
437 13 309 449 466 503 -1 -1 -1 -1 
438 12 811 550 744 526 -1 -1 -1 -1 
438 13 311 464 462 501 -1 -1 -1 -1 
439 12 813 571 753 507 -1 -1 -1 -1 
439 13 315 479 456 501 -1 -1 -1 -1 
440 12 808 596 745 481 -1 -1 -1 -1 
440 13 317 494 451 501 -1 -1 -1 -1 
441 12 812 610 741 466 -1 -1 -1 -1 
441 13 317 512 452 495 -1 -1 -1 -1 
442 12 820 631 722 443 -1 -1 -1 -1 
442 13 317 535 451 483 -1 -1 -1 -1 
443 12 845 652 586 420 -1 -1 -1 -1 
443 13 321 550 442 482 -1 -1 -1 -1 
444 12 834 667 586 407 -1 -1 -1 -1 
444 13 325 569 432 479 -1 -1 -1 -1 
445 12 849 693 521 384 -1 -1 -1 -1 
445 13 324 591 439 466 -1 -1 -1 -1 
446 12 860 738 383 341 -1 -1 -1 -1 
446 13 327 629 437 435 -1 -1 -1 -1 
447 12 842 760 436 319 -1 -1 -1 -1 
447 13 330 642 429 425 -1 -1 -1 -1 
447 14 1246 728 323 344 -1 -1 -1 -1 
448 12 860 784 366 295 -1 -1 -1 -1 
448 13 335 609 423 468 -1 -1 -1 -1 
448 14 1231 731 337 342 -1 -1 -1 -1 
449 12 861 803 350 276 -1 -1 -1 -1 
449 13 314 636 464 439 -1 -1 -1 -1 
449 14 1229 744 337 334 -1 -1 -1 -1 
450 12 855 815 353 264 -1 -1 -1 -1 
450 13 323 666 447 413 -1 -1 -1 -1 
450 14 1227 753 337 326 -1 -1 -1 -1 
451 12 865 830 332 249 -1 -1 -1 -1 
451 13 331 678 435 401 -1 -1 -1 -1 
451 14 1221 759 348 320 -1 -1 -1 -1 
452 12 858 846 341 233 -1 -1 -1 -1 
452 13 327 694 435 385 -1 -1 -1 -1 
452 14 1236 777 336 302 -1 -1 -1 -1 
453 12 864 863 329 216 -1 -1 -1 -1 
453 13 327 701 434 378 -1 -1 -1 -1 
453 14 1233 790 345 289 -1 -1 -1 -1 
454 12 869 876 330 203 -1 -1 -1 -1 
454 13 323 711 439 368 -1 -1 -1 -1 
454 14 1240 777 329 302 -1 -1 -1 -1 
455 12 868 888 345 191 -1 -1 -1 -1 
455 13 318 717 444 362 -1 -1 -1 -1 
456 12 866 895 383 184 -1 -1 -1 -1 
456 13 321 735 439 344 -1 -1 -1 -1 
457 12 883 905 373 174 -1 -1 -1 -1 
457 13 327 750 429 329 -1 -1 -1 -1 
458 12 893 920 352 159 -1 -1 -1 -1 
459 13 325 770 421 309 -1 -1 -1 -1 
460 13 326 780 417 299 -1 -1 -1 -1 
461 13 321 790 426 289 -1 -1 -1 -1 
462 13 316 801 431 278 -1 -1 -1 -1 
463 13 318 810 427 269 -1 -1 -1 -1 
464 13 318 820 423 259 -1 -1 -1 -1 
465 13 312 830 419 249 -1 -1 -1 -1 
543 19 679 3 400 256 -1 -1 -1 -1 
544 19 676 5 406 284 -1 -1 -1 -1 
545 19 688 6 393 294 -1 -1 -1 -1 
546 19 642 5 444 317 -1 -1 -1 -1 
547 19 609 2 475 333 -1 -1 -1 -1 
548 19 625 3 440 349 -1 -1 -1 -1 
549 19 588 1 493 363 -1 -1 -1 -1 
550 19 592 0 481 376 -1 -1 -1 -1 
551 19 582 3 490 388 -1 -1 -1 -1 
552 19 584 5 480 410 -1 -1 -1 -1 
553 19 571 6 497 421 -1 -1 -1 -1 
554 19 570 6 496 433 -1 -1 -1 -1 
555 19 561 10 501 449 -1 -1 -1 -1 
556 19 555 16 510 462 -1 -1 -1 -1 
557 19 566 22 498 475 -1 -1 -1 -1 
558 19 577 23 485 499 -1 -1 -1 -1 
559 19 566 30 501 506 -1 -1 -1 -1 
560 19 557 42 510 512 -1 -1 -1 -1 
561 19 554 54 513 517 -1 -1 -1 -1 
562 19 550 63 513 524 -1 -1 -1 -1 
563 19 547 80 513 525 -1 -1 -1 -1 
564 19 551 91 508 539 -1 -1 -1 -1 
565 19 538 103 531 538 -1 -1 -1 -1 
566 19 538 119 531 534 -1 -1 -1 -1 
567 19 541 137 517 535 -1 -1 -1 -1 
568 19 535 150 525 543 -1 -1 -1 -1 
569 19 524 170 534 541 -1 -1 -1 -1 
570 19 532 184 522 547 -1 -1 -1 -1 
571 19 531 199 528 546 -1 -1 -1 -1 
572 19 528 215 531 545 -1 -1 -1 -1 
573 19 526 231 526 555 -1 -1 -1 -1 
574 19 523 247 528 558 -1 -1 -1 -1 
575 19 517 260 538 564 -1 -1 -1 -1 
576 19 515 275 539 567 -1 -1 -1 -1 
577 19 513 291 538 566 -1 -1 -1 -1 
578 19 508 315 544 558 -1 -1 -1 -1 
579 19 516 332 533 556 -1 -1 -1 -1 
580 19 514 352 527 541 -1 -1 -1 -1 
581 19 511 371 522 535 -1 -1 -1 -1 
582 19 494 377 546 550 -1 -1 -1 -1 
583 19 485 389 553 554 -1 -1 -1 -1 
584 19 487 406 549 549 -1 -1 -1 -1 
585 19 496 432 538 526 -1 -1 -1 -1 
586 19 498 448 528 525 -1 -1 -1 -1 
587 19 499 460 519 531 -1 -1 -1 -1 
588 19 499 472 517 530 -1 -1 -1 -1 
589 19 487 483 536 534 -1 -1 -1 -1 
590 19 490 500 537 529 -1 -1 -1 -1 
591 19 491 519 536 516 -1 -1 -1 -1 
592 19 489 538 533 506 -1 -1 -1 -1 
593 19 486 556 534 496 -1 -1 -1 -1 
594 19 493 574 520 484 -1 -1 -1 -1 
595 19 500 591 513 469 -1 -1 -1 -1 
596 19 503 606 509 455 -1 -1 -1 -1 
597 19 493 624 515 445 -1 -1 -1 -1 
598 19 481 641 515 426 -1 -1 -1 -1 
599 19 468 657 525 408 -1 -1 -1 -1 
600 19 477 674 513 394 -1 -1 -1 -1 
601 19 468 696 523 376 -1 -1 -1 -1 
602 19 440 705 565 368 -1 -1 -1 -1 
603 19 460 719 521 360 -1 -1 -1 -1 
604 19 481 734 485 344 -1 -1 -1 -1 
605 19 427 752 558 327 -1 -1 -1 -1 
606 19 479 771 464 308 -1 -1 -1 -1 
607 19 486 785 439 294 -1 -1 -1 -1 
608 19 484 798 441 281 -1 -1 -1 -1 
612 20 507 867 416 212 -1 -1 -1 -1 
613 20 498 881 427 198 -1 -1 -1 -1 
772 21 1071 5 455 177 -1 -1 -1 -1 
773 21 1069 5 453 187 -1 -1 -1 -1 
774 21 1066 7 458 197 -1 -1 -1 -1 
775 21 1067 6 457 213 -1 -1 -1 -1 
776 21 1068 8 454 227 -1 -1 -1 -1 
777 21 1067 8 459 243 -1 -1 -1 -1 
778 21 1064 8 468 254 -1 -1 -1 -1 
779 21 1060 7 474 265 -1 -1 -1 -1 
780 21 1059 7 479 278 -1 -1 -1 -1 
781 21 1063 6 477 292 -1 -1 -1 -1 
782 21 1064 6 475 302 -1 -1 -1 -1 
783 21 1061 7 477 314 -1 -1 -1 -1 
784 21 1072 9 457 326 -1 -1 -1 -1 
785 21 1072 10 466 337 -1 -1 -1 -1 
786 21 1071 6 469 355 -1 -1 -1 -1 
787 21 1069 7 471 365 -1 -1 -1 -1 
788 21 1070 14 470 374 -1 -1 -1 -1 
789 21 1068 31 469 373 -1 -1 -1 -1 
790 21 1064 49 472 368 -1 -1 -1 -1 
791 21 1065 61 471 369 -1 -1 -1 -1 
792 21 1070 75 468 368 -1 -1 -1 -1 
793 21 1068 89 478 364 -1 -1 -1 -1 
794 21 1066 99 482 366 -1 -1 -1 -1 
795 21 1069 106 477 376 -1 -1 -1 -1 
796 21 1063 112 481 389 -1 -1 -1 -1 
797 21 1053 131 493 383 -1 -1 -1 -1 
798 21 1056 151 492 379 -1 -1 -1 -1 
799 21 1060 168 485 376 -1 -1 -1 -1 
800 21 1068 179 476 378 -1 -1 -1 -1 
801 21 1069 192 479 377 -1 -1 -1 -1 
802 21 1068 203 476 384 -1 -1 -1 -1 
803 21 1063 216 478 391 -1 -1 -1 -1 
804 21 1052 236 496 386 -1 -1 -1 -1 
805 21 1050 255 503 382 -1 -1 -1 -1 
806 21 1060 266 484 383 -1 -1 -1 -1 
807 21 1061 283 484 378 -1 -1 -1 -1 
808 21 1059 298 482 382 -1 -1 -1 -1 
809 21 1055 305 487 393 -1 -1 -1 -1 
810 21 1051 322 493 392 -1 -1 -1 -1 
811 21 1052 344 486 387 -1 -1 -1 -1 
812 21 1059 359 476 387 -1 -1 -1 -1 
813 21 1063 372 471 385 -1 -1 -1 -1 
814 21 1055 393 481 376 -1 -1 -1 -1 
815 21 1055 403 477 382 -1 -1 -1 -1 
816 21 1048 415 486 386 -1 -1 -1 -1 
817 21 1041 442 492 379 -1 -1 -1 -1 
818 21 1045 458 485 378 -1 -1 -1 -1 
819 21 1046 473 482 374 -1 -1 -1 -1 
820 21 1044 488 484 372 -1 -1 -1 -1 
821 21 1033 498 498 379 -1 -1 -1 -1 
822 21 1027 515 502 379 -1 -1 -1 -1 
823 21 1021 537 511 373 -1 -1 -1 -1 
824 21 1022 558 508 368 -1 -1 -1 -1 
825 21 1028 568 500 369 -1 -1 -1 -1 
826 21 1027 582 504 363 -1 -1 -1 -1 
827 21 1026 596 502 364 -1 -1 -1 -1 
828 21 1032 615 491 363 -1 -1 -1 -1 
829 21 1025 638 500 352 -1 -1 -1 -1 
830 21 1021 653 509 358 -1 -1 -1 -1 
831 21 1029 672 484 344 -1 -1 -1 -1 
832 21 1031 690 472 340 -1 -1 -1 -1 
833 21 1032 703 467 340 -1 -1 -1 -1 
834 21 1013 715 492 344 -1 -1 -1 -1 
835 21 1015 731 487 334 -1 -1 -1 -1 
836 21 1012 748 485 322 -1 -1 -1 -1 
837 21 1013 769 482 305 -1 -1 -1 -1 
838 21 1011 782 484 291 -1 -1 -1 -1 
839 21 1020 792 469 282 -1 -1 -1 -1 
840 21 999 807 495 272 -1 -1 -1 -1 
841 21 998 820 486 259 -1 -1 -1 -1 
842 21 989 841 502 238 -1 -1 -1 -1 
843 21 986 863 497 216 -1 -1 -1 -1 
844 21 998 881 478 198 -1 -1 -1 -1 
