232 1 560 4 485 192 -1 -1 -1 -1 
233 1 558 3 494 208 -1 -1 -1 -1 
234 1 555 5 495 223 -1 -1 -1 -1 
235 1 545 7 508 236 -1 -1 -1 -1 
236 1 538 8 514 247 -1 -1 -1 -1 
237 1 531 7 520 258 -1 -1 -1 -1 
238 1 530 6 519 271 -1 -1 -1 -1 
239 1 531 6 509 288 -1 -1 -1 -1 
240 1 529 7 509 303 -1 -1 -1 -1 
241 1 524 6 514 320 -1 -1 -1 -1 
242 1 529 4 499 337 -1 -1 -1 -1 
243 1 532 4 498 353 -1 -1 -1 -1 
244 1 530 4 498 367 -1 -1 -1 -1 
245 1 521 8 505 376 -1 -1 -1 -1 
246 1 521 13 497 388 -1 -1 -1 -1 
247 1 514 16 501 400 -1 -1 -1 -1 
248 1 507 17 515 413 -1 -1 -1 -1 
249 1 506 18 516 426 -1 -1 -1 -1 
250 1 505 17 512 444 -1 -1 -1 -1 
251 1 502 20 509 455 -1 -1 -1 -1 
252 1 497 31 519 461 -1 -1 -1 -1 
253 1 496 42 521 466 -1 -1 -1 -1 
254 1 489 54 525 467 -1 -1 -1 -1 
255 1 485 68 532 468 -1 -1 -1 -1 
256 1 488 82 522 475 -1 -1 -1 -1 
257 1 487 94 519 482 -1 -1 -1 -1 
258 1 483 121 536 469 -1 -1 -1 -1 
259 1 484 137 531 464 -1 -1 -1 -1 
260 1 485 151 517 462 -1 -1 -1 -1 
261 1 480 167 521 459 -1 -1 -1 -1 
262 1 478 182 528 461 -1 -1 -1 -1 
263 1 478 194 522 467 -1 -1 -1 -1 
264 1 477 219 523 457 -1 -1 -1 -1 
265 1 480 236 511 453 -1 -1 -1 -1 
266 1 479 249 509 455 -1 -1 -1 -1 
267 1 475 263 517 457 -1 -1 -1 -1 
268 1 476 281 516 454 -1 -1 -1 -1 
269 1 478 295 513 463 -1 -1 -1 -1 
270 1 472 313 517 465 -1 -1 -1 -1 
271 1 472 328 512 465 -1 -1 -1 -1 
271 2 601 4 479 211 -1 -1 -1 -1 
272 1 469 341 515 465 -1 -1 -1 -1 
272 2 600 7 462 225 -1 -1 -1 -1 
273 1 464 360 526 459 -1 -1 -1 -1 
273 2 588 7 469 239 -1 -1 -1 -1 
274 1 467 381 519 455 -1 -1 -1 -1 
274 2 576 7 496 253 -1 -1 -1 -1 
275 1 466 398 525 463 -1 -1 -1 -1 
275 2 574 5 503 271 -1 -1 -1 -1 
276 1 463 417 524 460 -1 -1 -1 -1 
276 2 573 4 481 292 -1 -1 -1 -1 
276 3 1108 6 377 174 -1 -1 -1 -1 
277 1 460 432 525 459 -1 -1 -1 -1 
277 2 568 3 493 308 -1 -1 -1 -1 
278 1 459 449 523 455 -1 -1 -1 -1 
278 2 584 10 366 312 -1 -1 -1 -1 
279 1 458 466 520 451 -1 -1 -1 -1 
279 2 564 11 367 325 -1 -1 -1 -1 
280 1 456 488 524 445 -1 -1 -1 -1 
280 2 530 7 499 346 -1 -1 -1 -1 
281 1 458 507 515 450 -1 -1 -1 -1 
281 2 540 6 511 360 -1 -1 -1 -1 
281 4 1080 0 349 248 -1 -1 -1 -1 
282 1 457 525 516 445 -1 -1 -1 -1 
282 2 543 5 521 375 -1 -1 -1 -1 
282 4 1077 0 346 261 -1 -1 -1 -1 
283 1 457 540 509 443 -1 -1 -1 -1 
283 2 543 6 519 388 -1 -1 -1 -1 
283 4 1056 0 353 275 -1 -1 -1 -1 
284 1 457 558 509 441 -1 -1 -1 -1 
284 2 542 8 517 405 -1 -1 -1 -1 
284 4 1028 2 381 286 -1 -1 -1 -1 
285 1 458 578 504 433 -1 -1 -1 -1 
285 2 528 9 542 416 -1 -1 -1 -1 
286 1 451 601 513 423 -1 -1 -1 -1 
286 2 524 6 536 433 -1 -1 -1 -1 
287 1 451 617 518 426 -1 -1 -1 -1 
287 2 523 12 530 441 -1 -1 -1 -1 
288 1 453 634 508 421 -1 -1 -1 -1 
288 2 518 16 532 447 -1 -1 -1 -1 
288 5 1027 3 362 335 -1 -1 -1 -1 
289 1 456 648 502 416 -1 -1 -1 -1 
289 2 511 20 537 457 -1 -1 -1 -1 
289 5 988 6 383 330 -1 -1 -1 -1 
290 1 458 659 496 413 -1 -1 -1 -1 
290 2 513 23 522 471 -1 -1 -1 -1 
290 5 987 9 380 363 -1 -1 -1 -1 
291 1 456 679 499 400 -1 -1 -1 -1 
291 2 497 25 547 485 -1 -1 -1 -1 
291 5 973 3 408 373 -1 -1 -1 -1 
292 1 446 702 523 377 -1 -1 -1 -1 
292 2 493 35 548 485 -1 -1 -1 -1 
292 5 962 2 421 386 -1 -1 -1 -1 
293 1 449 717 513 362 -1 -1 -1 -1 
293 2 490 35 550 501 -1 -1 -1 -1 
293 6 1376 5 256 173 -1 -1 -1 -1 
294 1 449 732 500 347 -1 -1 -1 -1 
294 2 491 38 544 520 -1 -1 -1 -1 
294 6 1368 5 270 186 -1 -1 -1 -1 
295 1 442 749 508 330 -1 -1 -1 -1 
295 2 482 38 547 541 -1 -1 -1 -1 
295 6 1365 5 277 197 -1 -1 -1 -1 
296 1 450 761 485 318 -1 -1 -1 -1 
296 2 485 40 545 563 -1 -1 -1 -1 
296 6 1367 5 276 208 -1 -1 -1 -1 
297 1 447 777 489 302 -1 -1 -1 -1 
297 2 474 34 565 590 -1 -1 -1 -1 
297 6 1370 6 271 220 -1 -1 -1 -1 
298 1 448 793 487 286 -1 -1 -1 -1 
298 2 461 33 575 611 -1 -1 -1 -1 
298 6 1377 6 261 232 -1 -1 -1 -1 
299 1 458 807 457 272 -1 -1 -1 -1 
299 2 456 42 582 617 -1 -1 -1 -1 
299 6 1365 7 278 247 -1 -1 -1 -1 
300 1 457 823 461 256 -1 -1 -1 -1 
300 2 454 53 580 626 -1 -1 -1 -1 
300 6 1354 7 293 257 -1 -1 -1 -1 
301 1 465 838 394 241 -1 -1 -1 -1 
301 2 458 71 577 629 -1 -1 -1 -1 
301 6 1357 9 286 273 -1 -1 -1 -1 
301 8 882 0 458 478 -1 -1 -1 -1 
302 1 455 858 399 221 -1 -1 -1 -1 
302 2 466 69 562 649 -1 -1 -1 -1 
302 6 1355 10 290 292 -1 -1 -1 -1 
303 1 452 873 400 206 -1 -1 -1 -1 
303 2 468 81 555 654 -1 -1 -1 -1 
303 6 1350 12 298 305 -1 -1 -1 -1 
304 1 456 884 383 195 -1 -1 -1 -1 
304 2 463 93 566 661 -1 -1 -1 -1 
304 6 1347 13 300 320 -1 -1 -1 -1 
305 1 453 899 381 180 -1 -1 -1 -1 
305 2 448 112 590 655 -1 -1 -1 -1 
305 6 1349 11 304 334 -1 -1 -1 -1 
306 1 451 911 390 168 -1 -1 -1 -1 
306 2 457 125 570 656 -1 -1 -1 -1 
306 6 1350 11 310 344 -1 -1 -1 -1 
307 1 448 925 414 154 -1 -1 -1 -1 
307 2 453 145 570 653 -1 -1 -1 -1 
307 6 1345 13 320 349 -1 -1 -1 -1 
307 9 899 16 426 316 -1 -1 -1 -1 
308 1 459 941 388 138 -1 -1 -1 -1 
308 2 459 169 560 651 -1 -1 -1 -1 
308 6 1348 14 316 362 -1 -1 -1 -1 
308 9 866 12 453 368 -1 -1 -1 -1 
309 2 454 179 558 654 -1 -1 -1 -1 
309 6 1346 15 323 375 -1 -1 -1 -1 
309 9 884 5 419 514 -1 -1 -1 -1 
310 2 443 205 576 645 -1 -1 -1 -1 
310 6 1344 16 328 389 -1 -1 -1 -1 
310 9 800 4 540 491 -1 -1 -1 -1 
310 10 384 5 417 186 -1 -1 -1 -1 
311 2 443 228 566 639 -1 -1 -1 -1 
311 6 1343 19 333 398 -1 -1 -1 -1 
311 9 817 8 509 470 -1 -1 -1 -1 
311 10 385 7 437 200 -1 -1 -1 -1 
312 2 433 243 572 640 -1 -1 -1 -1 
312 6 1345 20 330 419 -1 -1 -1 -1 
312 9 781 11 545 458 -1 -1 -1 -1 
313 2 421 254 587 644 -1 -1 -1 -1 
313 6 1340 22 341 434 -1 -1 -1 -1 
313 9 779 18 534 485 -1 -1 -1 -1 
314 2 433 277 575 635 -1 -1 -1 -1 
314 6 1337 24 349 446 -1 -1 -1 -1 
314 9 765 25 550 489 -1 -1 -1 -1 
315 2 436 293 572 643 -1 -1 -1 -1 
315 6 1347 28 333 463 -1 -1 -1 -1 
315 9 767 28 544 489 -1 -1 -1 -1 
316 2 432 311 577 647 -1 -1 -1 -1 
316 6 1337 31 350 477 -1 -1 -1 -1 
316 9 769 34 544 488 -1 -1 -1 -1 
317 2 441 333 563 647 -1 -1 -1 -1 
317 6 1338 35 352 487 -1 -1 -1 -1 
317 9 776 33 534 501 -1 -1 -1 -1 
318 2 435 342 567 654 -1 -1 -1 -1 
318 6 1337 40 353 500 -1 -1 -1 -1 
318 9 772 33 534 517 -1 -1 -1 -1 
319 2 436 362 565 647 -1 -1 -1 -1 
319 6 1331 44 364 506 -1 -1 -1 -1 
319 9 763 37 530 559 -1 -1 -1 -1 
320 2 443 386 555 639 -1 -1 -1 -1 
320 6 1334 52 360 513 -1 -1 -1 -1 
320 9 753 34 536 583 -1 -1 -1 -1 
320 13 310 14 471 350 -1 -1 -1 -1 
321 2 441 403 565 648 -1 -1 -1 -1 
321 6 1336 59 358 525 -1 -1 -1 -1 
321 9 755 28 544 628 -1 -1 -1 -1 
321 13 306 16 464 356 -1 -1 -1 -1 
322 2 448 436 561 631 -1 -1 -1 -1 
322 6 1336 59 360 546 -1 -1 -1 -1 
322 9 749 22 544 673 -1 -1 -1 -1 
322 13 304 18 462 367 -1 -1 -1 -1 
323 2 449 447 557 627 -1 -1 -1 -1 
323 6 1332 55 367 566 -1 -1 -1 -1 
323 9 742 25 557 697 -1 -1 -1 -1 
323 13 301 20 453 378 -1 -1 -1 -1 
324 2 434 449 568 624 -1 -1 -1 -1 
324 6 1329 62 372 570 -1 -1 -1 -1 
324 9 728 27 573 699 -1 -1 -1 -1 
324 13 299 19 450 390 -1 -1 -1 -1 
325 2 447 473 553 604 -1 -1 -1 -1 
325 6 1334 65 361 582 -1 -1 -1 -1 
325 9 731 39 565 698 -1 -1 -1 -1 
325 13 299 18 449 413 -1 -1 -1 -1 
326 2 443 484 556 595 -1 -1 -1 -1 
326 6 1331 84 368 578 -1 -1 -1 -1 
326 9 729 56 570 701 -1 -1 -1 -1 
326 13 296 19 439 431 -1 -1 -1 -1 
327 2 424 495 570 584 -1 -1 -1 -1 
327 6 1323 107 379 568 -1 -1 -1 -1 
327 9 728 72 571 703 -1 -1 -1 -1 
327 13 283 22 454 439 -1 -1 -1 -1 
328 2 411 514 576 565 -1 -1 -1 -1 
328 6 1325 120 374 572 -1 -1 -1 -1 
328 9 728 87 576 699 -1 -1 -1 -1 
328 13 279 26 453 445 -1 -1 -1 -1 
329 2 406 534 567 545 -1 -1 -1 -1 
329 6 1322 135 376 577 -1 -1 -1 -1 
329 9 726 97 573 721 -1 -1 -1 -1 
329 13 276 31 457 450 -1 -1 -1 -1 
330 2 401 549 558 530 -1 -1 -1 -1 
330 6 1324 156 373 577 -1 -1 -1 -1 
330 9 722 113 582 726 -1 -1 -1 -1 
330 13 274 41 449 457 -1 -1 -1 -1 
331 2 408 631 585 448 -1 -1 -1 -1 
331 6 1328 173 369 576 -1 -1 -1 -1 
331 9 722 130 583 741 -1 -1 -1 -1 
331 13 269 47 448 471 -1 -1 -1 -1 
332 2 416 609 519 470 -1 -1 -1 -1 
332 6 1327 191 369 578 -1 -1 -1 -1 
332 9 721 146 586 745 -1 -1 -1 -1 
332 13 265 51 451 483 -1 -1 -1 -1 
333 2 405 614 523 465 -1 -1 -1 -1 
333 6 1324 204 372 586 -1 -1 -1 -1 
333 9 715 162 588 736 -1 -1 -1 -1 
333 13 263 53 452 493 -1 -1 -1 -1 
334 2 402 631 520 448 -1 -1 -1 -1 
334 6 1320 222 378 587 -1 -1 -1 -1 
334 9 708 168 593 756 -1 -1 -1 -1 
335 6 1322 227 371 599 -1 -1 -1 -1 
335 9 698 186 605 758 -1 -1 -1 -1 
335 13 255 67 453 507 -1 -1 -1 -1 
336 6 1323 238 369 604 -1 -1 -1 -1 
336 9 694 206 605 757 -1 -1 -1 -1 
336 13 257 79 441 517 -1 -1 -1 -1 
337 6 1326 255 365 600 -1 -1 -1 -1 
337 9 698 219 598 762 -1 -1 -1 -1 
337 13 250 100 454 506 -1 -1 -1 -1 
338 6 1325 273 368 596 -1 -1 -1 -1 
338 9 698 235 597 752 -1 -1 -1 -1 
338 13 246 114 456 494 -1 -1 -1 -1 
339 6 1319 288 372 601 -1 -1 -1 -1 
339 9 698 250 590 743 -1 -1 -1 -1 
339 13 247 138 456 476 -1 -1 -1 -1 
340 6 1317 300 375 604 -1 -1 -1 -1 
340 9 703 271 587 742 -1 -1 -1 -1 
340 13 250 155 449 471 -1 -1 -1 -1 
341 6 1319 314 370 611 -1 -1 -1 -1 
341 9 695 288 591 728 -1 -1 -1 -1 
341 13 248 169 454 463 -1 -1 -1 -1 
342 6 1320 327 367 616 -1 -1 -1 -1 
342 9 695 305 590 717 -1 -1 -1 -1 
342 13 247 181 452 467 -1 -1 -1 -1 
342 15 365 630 374 401 -1 -1 -1 -1 
343 6 1321 343 363 616 -1 -1 -1 -1 
343 9 693 317 590 720 -1 -1 -1 -1 
343 13 247 195 449 465 -1 -1 -1 -1 
343 15 368 638 363 399 -1 -1 -1 -1 
344 6 1325 355 353 623 -1 -1 -1 -1 
344 9 693 332 584 709 -1 -1 -1 -1 
344 13 241 211 455 451 -1 -1 -1 -1 
344 15 357 644 356 370 -1 -1 -1 -1 
345 6 1320 369 361 626 -1 -1 -1 -1 
345 9 685 348 589 700 -1 -1 -1 -1 
345 13 239 231 452 446 -1 -1 -1 -1 
345 15 363 659 337 376 -1 -1 -1 -1 
346 6 1315 381 366 625 -1 -1 -1 -1 
346 9 687 361 584 694 -1 -1 -1 -1 
346 13 241 246 440 457 -1 -1 -1 -1 
346 15 361 681 339 369 -1 -1 -1 -1 
347 6 1314 397 361 621 -1 -1 -1 -1 
347 9 683 377 580 680 -1 -1 -1 -1 
347 13 242 261 443 468 -1 -1 -1 -1 
347 15 374 708 332 359 -1 -1 -1 -1 
348 6 1308 414 365 618 -1 -1 -1 -1 
348 9 684 398 577 655 -1 -1 -1 -1 
348 13 237 277 448 474 -1 -1 -1 -1 
349 6 1304 426 364 617 -1 -1 -1 -1 
349 9 701 411 545 642 -1 -1 -1 -1 
349 13 251 291 433 545 -1 -1 -1 -1 
350 6 1309 443 357 614 -1 -1 -1 -1 
350 9 700 423 546 637 -1 -1 -1 -1 
350 13 231 310 468 517 -1 -1 -1 -1 
351 6 1304 463 360 603 -1 -1 -1 -1 
351 9 695 437 557 626 -1 -1 -1 -1 
351 13 250 317 443 630 -1 -1 -1 -1 
352 6 1296 495 366 577 -1 -1 -1 -1 
352 9 687 452 561 617 -1 -1 -1 -1 
352 13 230 333 480 653 -1 -1 -1 -1 
353 6 1304 513 348 564 -1 -1 -1 -1 
353 9 680 475 555 599 -1 -1 -1 -1 
353 13 224 351 492 621 -1 -1 -1 -1 
354 6 1302 531 351 547 -1 -1 -1 -1 
354 9 669 497 563 581 -1 -1 -1 -1 
354 13 223 371 469 588 -1 -1 -1 -1 
355 6 1292 546 359 533 -1 -1 -1 -1 
355 9 682 514 531 565 -1 -1 -1 -1 
355 13 229 398 456 587 -1 -1 -1 -1 
356 6 1283 558 366 521 -1 -1 -1 -1 
356 9 676 531 537 548 -1 -1 -1 -1 
356 13 221 421 463 549 -1 -1 -1 -1 
357 6 1279 567 367 512 -1 -1 -1 -1 
357 9 677 544 533 535 -1 -1 -1 -1 
357 13 230 427 446 595 -1 -1 -1 -1 
358 6 1284 580 356 499 -1 -1 -1 -1 
358 9 680 554 522 525 -1 -1 -1 -1 
358 13 219 441 462 557 -1 -1 -1 -1 
359 6 1264 599 383 480 -1 -1 -1 -1 
359 9 683 569 524 510 -1 -1 -1 -1 
359 13 229 465 454 565 -1 -1 -1 -1 
360 6 1269 615 366 463 -1 -1 -1 -1 
360 9 676 587 536 492 -1 -1 -1 -1 
360 13 230 482 459 567 -1 -1 -1 -1 
361 6 1260 635 367 442 -1 -1 -1 -1 
361 9 681 604 539 475 -1 -1 -1 -1 
361 13 228 503 464 558 -1 -1 -1 -1 
362 6 1258 651 362 427 -1 -1 -1 -1 
362 9 688 622 526 457 -1 -1 -1 -1 
362 13 228 522 462 546 -1 -1 -1 -1 
363 6 1245 668 373 410 -1 -1 -1 -1 
363 9 691 639 518 440 -1 -1 -1 -1 
363 13 231 541 471 534 -1 -1 -1 -1 
364 6 1250 683 363 396 -1 -1 -1 -1 
364 9 697 657 510 422 -1 -1 -1 -1 
364 13 234 558 482 519 -1 -1 -1 -1 
365 6 1243 696 366 383 -1 -1 -1 -1 
365 9 700 677 505 402 -1 -1 -1 -1 
365 13 243 566 467 513 -1 -1 -1 -1 
366 6 1243 704 365 375 -1 -1 -1 -1 
366 9 703 693 498 386 -1 -1 -1 -1 
366 13 236 571 464 504 -1 -1 -1 -1 
367 6 1258 716 343 363 -1 -1 -1 -1 
367 9 708 711 495 368 -1 -1 -1 -1 
367 13 230 593 488 482 -1 -1 -1 -1 
368 6 1265 731 332 348 -1 -1 -1 -1 
368 9 703 727 497 352 -1 -1 -1 -1 
368 13 236 601 454 466 -1 -1 -1 -1 
369 6 1241 749 351 330 -1 -1 -1 -1 
369 9 697 741 491 338 -1 -1 -1 -1 
369 13 238 609 451 455 -1 -1 -1 -1 
370 6 1239 766 343 313 -1 -1 -1 -1 
370 9 690 755 489 324 -1 -1 -1 -1 
370 13 243 622 435 444 -1 -1 -1 -1 
371 6 1246 777 327 302 -1 -1 -1 -1 
371 9 685 773 486 306 -1 -1 -1 -1 
371 13 240 639 428 431 -1 -1 -1 -1 
372 6 1238 795 331 284 -1 -1 -1 -1 
372 9 692 784 480 295 -1 -1 -1 -1 
372 13 240 653 422 415 -1 -1 -1 -1 
373 6 1248 812 315 267 -1 -1 -1 -1 
373 9 696 800 469 279 -1 -1 -1 -1 
373 13 236 674 427 398 -1 -1 -1 -1 
374 6 1256 825 303 254 -1 -1 -1 -1 
374 9 701 819 446 260 -1 -1 -1 -1 
374 13 247 684 415 389 -1 -1 -1 -1 
374 16 1024 2 506 229 -1 -1 -1 -1 
375 6 1249 838 310 241 -1 -1 -1 -1 
375 9 703 836 444 243 -1 -1 -1 -1 
375 13 251 701 410 372 -1 -1 -1 -1 
375 16 1018 2 517 242 -1 -1 -1 -1 
376 6 1250 854 311 225 -1 -1 -1 -1 
376 9 701 852 450 227 -1 -1 -1 -1 
376 13 258 710 401 367 -1 -1 -1 -1 
376 16 1017 3 515 250 -1 -1 -1 -1 
377 6 1254 869 298 210 -1 -1 -1 -1 
377 9 701 868 427 211 -1 -1 -1 -1 
377 13 256 721 405 358 -1 -1 -1 -1 
378 9 709 880 414 199 -1 -1 -1 -1 
378 13 249 734 411 344 -1 -1 -1 -1 
378 16 1002 0 547 283 -1 -1 -1 -1 
379 9 718 895 391 184 -1 -1 -1 -1 
379 13 252 749 407 330 -1 -1 -1 -1 
380 13 254 765 399 314 -1 -1 -1 -1 
380 16 989 0 573 310 -1 -1 -1 -1 
381 13 249 788 410 291 -1 -1 -1 -1 
381 16 988 0 568 325 -1 -1 -1 -1 
382 13 255 812 393 267 -1 -1 -1 -1 
382 16 990 1 550 339 -1 -1 -1 -1 
383 13 261 823 373 256 -1 -1 -1 -1 
383 16 988 0 542 353 -1 -1 -1 -1 
384 13 260 833 372 246 -1 -1 -1 -1 
384 16 980 2 563 356 -1 -1 -1 -1 
385 13 253 846 382 233 -1 -1 -1 -1 
385 16 978 2 566 365 -1 -1 -1 -1 
386 13 259 861 368 218 -1 -1 -1 -1 
387 16 964 2 573 386 -1 -1 -1 -1 
388 16 965 4 571 400 -1 -1 -1 -1 
389 16 963 6 583 415 -1 -1 -1 -1 
389 17 406 0 405 244 -1 -1 -1 -1 
390 16 950 8 576 426 -1 -1 -1 -1 
390 17 393 0 419 251 -1 -1 -1 -1 
391 16 932 9 590 441 -1 -1 -1 -1 
391 17 373 0 443 258 -1 -1 -1 -1 
392 16 930 9 621 458 -1 -1 -1 -1 
392 17 367 1 449 264 -1 -1 -1 -1 
393 16 932 11 625 468 -1 -1 -1 -1 
393 17 374 5 433 279 -1 -1 -1 -1 
394 16 933 14 632 478 -1 -1 -1 -1 
394 17 380 8 428 293 -1 -1 -1 -1 
395 16 932 16 618 487 -1 -1 -1 -1 
395 17 376 10 434 308 -1 -1 -1 -1 
396 16 929 17 620 497 -1 -1 -1 -1 
396 17 362 9 451 322 -1 -1 -1 -1 
397 16 921 18 635 506 -1 -1 -1 -1 
397 17 359 10 452 333 -1 -1 -1 -1 
398 16 919 12 636 527 -1 -1 -1 -1 
398 17 361 11 451 346 -1 -1 -1 -1 
399 16 911 12 645 542 -1 -1 -1 -1 
399 17 356 14 458 357 -1 -1 -1 -1 
400 16 918 14 660 553 -1 -1 -1 -1 
400 17 353 14 452 372 -1 -1 -1 -1 
401 16 921 18 666 569 -1 -1 -1 -1 
401 17 329 15 489 385 -1 -1 -1 -1 
402 16 916 17 659 595 -1 -1 -1 -1 
402 17 323 15 500 396 -1 -1 -1 -1 
403 16 908 22 671 610 -1 -1 -1 -1 
403 17 311 17 506 415 -1 -1 -1 -1 
404 16 909 24 666 623 -1 -1 -1 -1 
404 17 311 19 498 424 -1 -1 -1 -1 
405 16 905 25 672 640 -1 -1 -1 -1 
405 17 323 20 484 434 -1 -1 -1 -1 
406 16 907 25 657 652 -1 -1 -1 -1 
406 17 331 18 466 450 -1 -1 -1 -1 
407 16 898 26 673 667 -1 -1 -1 -1 
407 17 336 24 459 464 -1 -1 -1 -1 
408 16 889 38 695 674 -1 -1 -1 -1 
408 17 328 28 476 477 -1 -1 -1 -1 
409 16 891 58 696 676 -1 -1 -1 -1 
409 17 315 33 491 489 -1 -1 -1 -1 
410 16 893 77 699 683 -1 -1 -1 -1 
410 17 319 41 484 494 -1 -1 -1 -1 
411 16 899 94 684 679 -1 -1 -1 -1 
411 17 320 54 482 499 -1 -1 -1 -1 
412 16 898 102 669 681 -1 -1 -1 -1 
412 17 319 68 481 499 -1 -1 -1 -1 
413 16 890 113 686 688 -1 -1 -1 -1 
413 17 321 82 476 502 -1 -1 -1 -1 
414 16 885 132 697 679 -1 -1 -1 -1 
414 17 322 103 469 498 -1 -1 -1 -1 
415 16 887 152 693 681 -1 -1 -1 -1 
415 17 317 117 476 494 -1 -1 -1 -1 
416 16 888 176 690 680 -1 -1 -1 -1 
416 17 311 133 488 489 -1 -1 -1 -1 
417 16 885 199 683 672 -1 -1 -1 -1 
417 17 309 149 491 487 -1 -1 -1 -1 
418 16 884 201 669 682 -1 -1 -1 -1 
418 17 312 168 487 484 -1 -1 -1 -1 
419 16 876 215 682 680 -1 -1 -1 -1 
419 17 317 179 479 489 -1 -1 -1 -1 
420 16 878 238 687 671 -1 -1 -1 -1 
420 17 319 192 471 497 -1 -1 -1 -1 
421 16 877 259 697 674 -1 -1 -1 -1 
421 17 315 214 479 485 -1 -1 -1 -1 
422 16 876 277 701 672 -1 -1 -1 -1 
422 17 315 230 476 480 -1 -1 -1 -1 
423 16 874 295 725 667 -1 -1 -1 -1 
423 17 312 250 476 475 -1 -1 -1 -1 
424 16 872 300 706 682 -1 -1 -1 -1 
424 17 312 265 471 478 -1 -1 -1 -1 
425 16 868 314 700 676 -1 -1 -1 -1 
425 17 312 277 465 487 -1 -1 -1 -1 
426 16 866 337 690 660 -1 -1 -1 -1 
426 17 312 290 464 492 -1 -1 -1 -1 
427 16 865 359 699 654 -1 -1 -1 -1 
427 17 315 297 461 505 -1 -1 -1 -1 
428 16 865 379 713 652 -1 -1 -1 -1 
428 17 306 315 480 497 -1 -1 -1 -1 
429 16 868 397 703 649 -1 -1 -1 -1 
429 17 303 336 488 488 -1 -1 -1 -1 
430 16 859 403 695 653 -1 -1 -1 -1 
430 17 305 353 486 487 -1 -1 -1 -1 
431 16 853 421 699 641 -1 -1 -1 -1 
431 17 308 365 478 489 -1 -1 -1 -1 
432 16 850 439 687 627 -1 -1 -1 -1 
432 17 309 380 467 494 -1 -1 -1 -1 
433 16 847 461 692 609 -1 -1 -1 -1 
433 17 306 394 465 499 -1 -1 -1 -1 
434 16 835 484 700 592 -1 -1 -1 -1 
434 17 310 412 458 495 -1 -1 -1 -1 
435 16 831 495 711 583 -1 -1 -1 -1 
435 17 312 426 455 491 -1 -1 -1 -1 
436 16 829 515 729 560 -1 -1 -1 -1 
436 17 312 440 454 494 -1 -1 -1 -1 
437 16 835 535 723 544 -1 -1 -1 -1 
437 17 312 452 456 496 -1 -1 -1 -1 
438 16 823 550 745 529 -1 -1 -1 -1 
438 17 312 468 456 494 -1 -1 -1 -1 
439 16 818 578 762 501 -1 -1 -1 -1 
439 17 315 483 451 496 -1 -1 -1 -1 
440 16 819 600 748 476 -1 -1 -1 -1 
440 17 309 501 459 493 -1 -1 -1 -1 
441 16 825 614 750 461 -1 -1 -1 -1 
441 17 317 518 444 489 -1 -1 -1 -1 
442 16 838 632 721 445 -1 -1 -1 -1 
442 17 318 540 443 477 -1 -1 -1 -1 
443 16 852 652 579 426 -1 -1 -1 -1 
443 17 322 557 433 473 -1 -1 -1 -1 
444 16 827 673 595 405 -1 -1 -1 -1 
444 17 325 580 427 467 -1 -1 -1 -1 
445 16 839 701 531 377 -1 -1 -1 -1 
445 17 318 601 445 460 -1 -1 -1 -1 
446 16 856 742 396 337 -1 -1 -1 -1 
446 17 323 639 438 426 -1 -1 -1 -1 
447 16 837 761 443 318 -1 -1 -1 -1 
447 17 326 655 430 413 -1 -1 -1 -1 
448 16 852 784 385 295 -1 -1 -1 -1 
448 17 336 631 415 446 -1 -1 -1 -1 
448 18 1247 733 321 339 -1 -1 -1 -1 
449 16 857 802 351 277 -1 -1 -1 -1 
449 17 328 647 435 428 -1 -1 -1 -1 
449 18 1234 752 330 326 -1 -1 -1 -1 
450 16 847 815 356 264 -1 -1 -1 -1 
450 17 323 679 443 400 -1 -1 -1 -1 
450 18 1230 756 332 323 -1 -1 -1 -1 
451 16 856 829 345 250 -1 -1 -1 -1 
451 17 331 685 430 394 -1 -1 -1 -1 
451 18 1226 768 340 311 -1 -1 -1 -1 
452 16 852 843 348 236 -1 -1 -1 -1 
452 17 327 697 432 382 -1 -1 -1 -1 
452 18 1244 793 319 286 -1 -1 -1 -1 
453 16 861 856 328 223 -1 -1 -1 -1 
453 17 328 701 428 378 -1 -1 -1 -1 
453 18 1238 813 327 266 -1 -1 -1 -1 
454 16 864 871 333 208 -1 -1 -1 -1 
454 17 324 708 436 371 -1 -1 -1 -1 
454 18 1239 788 323 291 -1 -1 -1 -1 
455 16 860 888 361 191 -1 -1 -1 -1 
455 17 322 722 435 357 -1 -1 -1 -1 
456 16 861 895 388 184 -1 -1 -1 -1 
456 17 319 738 439 341 -1 -1 -1 -1 
457 16 878 906 375 173 -1 -1 -1 -1 
457 17 323 759 432 320 -1 -1 -1 -1 
458 16 888 922 353 157 -1 -1 -1 -1 
459 17 320 779 426 300 -1 -1 -1 -1 
460 17 324 787 417 292 -1 -1 -1 -1 
461 17 323 795 422 284 -1 -1 -1 -1 
462 17 310 811 451 268 -1 -1 -1 -1 
463 17 313 822 444 257 -1 -1 -1 -1 
541 20 679 3 403 230 -1 -1 -1 -1 
542 20 674 2 408 245 -1 -1 -1 -1 
543 20 685 2 393 263 -1 -1 -1 -1 
544 20 679 4 404 287 -1 -1 -1 -1 
545 20 692 1 389 308 -1 -1 -1 -1 
546 20 653 1 438 325 -1 -1 -1 -1 
547 20 609 1 483 338 -1 -1 -1 -1 
548 20 626 1 438 353 -1 -1 -1 -1 
549 20 586 1 497 365 -1 -1 -1 -1 
550 20 589 3 487 376 -1 -1 -1 -1 
551 20 582 7 491 390 -1 -1 -1 -1 
552 20 585 11 480 409 -1 -1 -1 -1 
553 20 573 12 495 420 -1 -1 -1 -1 
554 20 578 13 485 435 -1 -1 -1 -1 
555 20 570 14 489 455 -1 -1 -1 -1 
556 20 563 17 504 469 -1 -1 -1 -1 
557 20 573 22 493 486 -1 -1 -1 -1 
558 20 581 25 485 503 -1 -1 -1 -1 
559 20 570 30 498 510 -1 -1 -1 -1 
560 20 566 41 499 517 -1 -1 -1 -1 
561 20 560 52 506 522 -1 -1 -1 -1 
562 20 556 59 506 533 -1 -1 -1 -1 
563 20 552 71 508 541 -1 -1 -1 -1 
564 20 553 88 508 546 -1 -1 -1 -1 
565 20 543 104 525 541 -1 -1 -1 -1 
566 20 544 119 523 538 -1 -1 -1 -1 
567 20 545 135 512 541 -1 -1 -1 -1 
568 20 538 146 521 552 -1 -1 -1 -1 
569 20 532 161 528 556 -1 -1 -1 -1 
570 20 531 180 527 555 -1 -1 -1 -1 
571 20 533 197 525 552 -1 -1 -1 -1 
572 20 531 213 525 549 -1 -1 -1 -1 
573 20 530 227 521 561 -1 -1 -1 -1 
574 20 526 243 524 564 -1 -1 -1 -1 
575 20 522 258 531 568 -1 -1 -1 -1 
576 20 522 275 532 570 -1 -1 -1 -1 
577 20 522 291 529 569 -1 -1 -1 -1 
578 20 516 312 538 565 -1 -1 -1 -1 
579 20 523 327 527 565 -1 -1 -1 -1 
580 20 520 342 527 561 -1 -1 -1 -1 
581 20 513 362 529 551 -1 -1 -1 -1 
582 20 512 376 533 555 -1 -1 -1 -1 
583 20 510 392 532 551 -1 -1 -1 -1 
584 20 513 410 531 544 -1 -1 -1 -1 
585 20 512 427 530 541 -1 -1 -1 -1 
586 20 509 447 526 537 -1 -1 -1 -1 
587 20 511 464 515 532 -1 -1 -1 -1 
588 20 503 476 524 537 -1 -1 -1 -1 
589 20 497 492 534 530 -1 -1 -1 -1 
590 20 499 508 535 524 -1 -1 -1 -1 
591 20 499 526 534 509 -1 -1 -1 -1 
592 20 501 543 525 500 -1 -1 -1 -1 
593 20 501 558 522 493 -1 -1 -1 -1 
594 20 508 579 512 484 -1 -1 -1 -1 
595 20 506 594 516 474 -1 -1 -1 -1 
596 20 505 611 519 460 -1 -1 -1 -1 
597 20 502 629 515 445 -1 -1 -1 -1 
598 20 493 643 514 431 -1 -1 -1 -1 
599 20 486 656 515 418 -1 -1 -1 -1 
600 20 488 674 515 402 -1 -1 -1 -1 
601 20 486 693 516 384 -1 -1 -1 -1 
602 20 463 704 550 375 -1 -1 -1 -1 
603 20 479 718 516 361 -1 -1 -1 -1 
604 20 493 735 489 344 -1 -1 -1 -1 
605 20 473 750 506 329 -1 -1 -1 -1 
606 20 498 770 456 309 -1 -1 -1 -1 
607 20 499 786 436 293 -1 -1 -1 -1 
608 20 501 801 430 278 -1 -1 -1 -1 
609 20 510 819 404 260 -1 -1 -1 -1 
610 20 507 836 411 243 -1 -1 -1 -1 
611 20 506 852 418 227 -1 -1 -1 -1 
612 20 511 867 405 212 -1 -1 -1 -1 
613 20 501 882 413 197 -1 -1 -1 -1 
772 21 1078 3 449 173 -1 -1 -1 -1 
773 21 1068 5 459 183 -1 -1 -1 -1 
774 21 1061 7 468 192 -1 -1 -1 -1 
775 21 1062 6 467 209 -1 -1 -1 -1 
776 21 1068 4 455 226 -1 -1 -1 -1 
777 21 1068 5 460 244 -1 -1 -1 -1 
778 21 1063 7 473 254 -1 -1 -1 -1 
779 21 1058 6 479 265 -1 -1 -1 -1 
780 21 1057 7 484 275 -1 -1 -1 -1 
781 21 1060 7 482 287 -1 -1 -1 -1 
782 21 1060 8 478 296 -1 -1 -1 -1 
783 21 1059 7 476 310 -1 -1 -1 -1 
784 21 1067 9 459 326 -1 -1 -1 -1 
785 21 1068 9 463 340 -1 -1 -1 -1 
786 21 1066 6 467 357 -1 -1 -1 -1 
787 21 1066 6 465 369 -1 -1 -1 -1 
788 21 1064 15 468 375 -1 -1 -1 -1 
789 21 1060 35 473 369 -1 -1 -1 -1 
790 21 1055 54 479 361 -1 -1 -1 -1 
791 21 1057 67 476 359 -1 -1 -1 -1 
792 21 1068 77 462 366 -1 -1 -1 -1 
793 21 1066 90 473 365 -1 -1 -1 -1 
794 21 1065 99 473 368 -1 -1 -1 -1 
795 21 1067 107 470 377 -1 -1 -1 -1 
796 21 1060 115 477 387 -1 -1 -1 -1 
797 21 1051 134 489 380 -1 -1 -1 -1 
798 21 1053 152 489 376 -1 -1 -1 -1 
799 21 1059 168 478 376 -1 -1 -1 -1 
800 21 1067 181 468 376 -1 -1 -1 -1 
801 21 1069 194 470 376 -1 -1 -1 -1 
802 21 1068 205 466 384 -1 -1 -1 -1 
803 21 1061 218 473 388 -1 -1 -1 -1 
804 21 1045 243 501 379 -1 -1 -1 -1 
805 21 1056 258 482 379 -1 -1 -1 -1 
806 21 1061 271 473 380 -1 -1 -1 -1 
807 21 1061 285 477 378 -1 -1 -1 -1 
808 21 1059 299 474 384 -1 -1 -1 -1 
809 21 1054 308 479 391 -1 -1 -1 -1 
810 21 1050 322 486 392 -1 -1 -1 -1 
811 21 1050 344 484 390 -1 -1 -1 -1 
812 21 1060 360 468 389 -1 -1 -1 -1 
813 21 1061 375 468 385 -1 -1 -1 -1 
814 21 1054 393 476 381 -1 -1 -1 -1 
815 21 1051 403 475 385 -1 -1 -1 -1 
816 21 1043 415 486 389 -1 -1 -1 -1 
817 21 1037 438 492 384 -1 -1 -1 -1 
818 21 1041 454 485 384 -1 -1 -1 -1 
819 21 1043 469 482 382 -1 -1 -1 -1 
820 21 1040 487 485 377 -1 -1 -1 -1 
821 21 1032 498 494 382 -1 -1 -1 -1 
822 21 1021 513 508 382 -1 -1 -1 -1 
823 21 1016 535 516 374 -1 -1 -1 -1 
824 21 1020 552 509 375 -1 -1 -1 -1 
825 21 1026 567 500 369 -1 -1 -1 -1 
826 21 1028 581 498 366 -1 -1 -1 -1 
827 21 1026 595 498 368 -1 -1 -1 -1 
828 21 1020 612 506 371 -1 -1 -1 -1 
829 21 1023 636 497 358 -1 -1 -1 -1 
830 21 1022 652 501 358 -1 -1 -1 -1 
831 21 1029 666 482 358 -1 -1 -1 -1 
832 21 1025 680 485 354 -1 -1 -1 -1 
833 21 1022 695 483 351 -1 -1 -1 -1 
834 21 1011 714 493 348 -1 -1 -1 -1 
835 21 1009 729 497 345 -1 -1 -1 -1 
836 21 1009 747 479 331 -1 -1 -1 -1 
837 21 997 768 507 311 -1 -1 -1 -1 
838 21 1007 778 481 301 -1 -1 -1 -1 
839 21 1008 791 479 288 -1 -1 -1 -1 
840 21 990 807 506 272 -1 -1 -1 -1 
841 21 997 820 485 259 -1 -1 -1 -1 
842 21 984 840 513 239 -1 -1 -1 -1 
843 21 983 862 507 217 -1 -1 -1 -1 
844 21 992 882 490 197 -1 -1 -1 -1 
845 21 997 889 469 190 -1 -1 -1 -1 
